1.000000	0.000000
1.010000	0.000000
1.020000	0.000000
1.030000	0.000000
1.040000	0.000000
1.050000	0.000000
1.060000	0.000000
1.070000	0.000000
1.080000	0.000000
1.090000	0.000000
1.100000	0.000000
1.110000	0.000000
1.120000	0.000000
1.130000	0.000000
1.140000	0.000000
1.150000	0.000000
1.160000	0.000000
1.170000	0.000000
1.180000	0.000000
1.190000	0.000000
1.200000	0.000000
1.210000	0.000000
1.220000	0.000000
1.230000	0.000000
1.240000	0.000000
1.250000	0.000000
1.260000	0.000000
1.270000	0.000000
1.280000	0.000000
1.290000	0.000000
1.300000	0.000000
1.310000	0.000000
1.320000	0.000000
1.330000	0.000000
1.340000	0.000000
1.350000	0.000000
1.360000	0.000000
1.370000	0.000000
1.380000	0.000001
1.390000	0.000001
1.400000	0.000001
1.410000	0.000001
1.420000	0.000001
1.430000	0.000001
1.440000	0.000002
1.450000	0.000002
1.460000	0.000002
1.470000	0.000003
1.480000	0.000003
1.490000	0.000004
1.500000	0.000005
1.510000	0.000005
1.520000	0.000006
1.530000	0.000007
1.540000	0.000009
1.550000	0.000010
1.560000	0.000012
1.570000	0.000014
1.580000	0.000016
1.590000	0.000019
1.600000	0.000022
1.610000	0.000026
1.620000	0.000031
1.630000	0.000036
1.640000	0.000041
1.650000	0.000048
1.660000	0.000056
1.670000	0.000064
1.680000	0.000075
1.690000	0.000086
1.700000	0.000099
1.710000	0.000115
1.720000	0.000132
1.730000	0.000152
1.740000	0.000175
1.750000	0.000201
1.760000	0.000230
1.770000	0.000264
1.780000	0.000302
1.790000	0.000345
1.800000	0.000394
1.810000	0.000449
1.820000	0.000511
1.830000	0.000582
1.840000	0.000661
1.850000	0.000751
1.860000	0.000852
1.870000	0.000965
1.880000	0.001092
1.890000	0.001234
1.900000	0.001394
1.910000	0.001572
1.920000	0.001771
1.930000	0.001993
1.940000	0.002240
1.950000	0.002516
1.960000	0.002822
1.970000	0.003161
1.980000	0.003538
1.990000	0.003955
2.000000	0.004416
2.010000	0.004926
2.020000	0.005488
2.030000	0.006108
2.040000	0.006790
2.050000	0.007540
2.060000	0.008364
2.070000	0.009267
2.080000	0.010256
2.090000	0.011339
2.100000	0.012521
2.110000	0.013812
2.120000	0.015219
2.130000	0.016750
2.140000	0.018415
2.150000	0.020224
2.160000	0.022185
2.170000	0.024309
2.180000	0.026607
2.190000	0.029090
2.200000	0.031769
2.210000	0.034656
2.220000	0.037764
2.230000	0.041105
2.240000	0.044692
2.250000	0.048538
2.260000	0.052656
2.270000	0.057061
2.280000	0.061765
2.290000	0.066782
2.300000	0.072127
2.310000	0.077814
2.320000	0.083855
2.330000	0.090265
2.340000	0.097057
2.350000	0.104245
2.360000	0.111840
2.370000	0.119855
2.380000	0.128303
2.390000	0.137193
2.400000	0.146536
2.410000	0.156341
2.420000	0.166618
2.430000	0.177373
2.440000	0.188612
2.450000	0.200341
2.460000	0.212563
2.470000	0.225280
2.480000	0.238493
2.490000	0.252200
2.500000	0.266399
2.510000	0.281085
2.520000	0.296251
2.530000	0.311888
2.540000	0.327987
2.550000	0.344533
2.560000	0.361512
2.570000	0.378907
2.580000	0.396697
2.590000	0.414862
2.600000	0.433377
2.610000	0.452215
2.620000	0.471348
2.630000	0.490745
2.640000	0.510373
2.650000	0.530196
2.660000	0.550178
2.670000	0.570279
2.680000	0.590458
2.690000	0.610672
2.700000	0.630876
2.710000	0.651025
2.720000	0.671072
2.730000	0.690968
2.740000	0.710664
2.750000	0.730109
2.760000	0.749253
2.770000	0.768046
2.780000	0.786436
2.790000	0.804372
2.800000	0.821803
2.810000	0.838679
2.820000	0.854952
2.830000	0.870572
2.840000	0.885494
2.850000	0.899671
2.860000	0.913060
2.870000	0.925619
2.880000	0.937309
2.890000	0.948093
2.900000	0.957935
2.910000	0.966805
2.920000	0.974674
2.930000	0.981515
2.940000	0.987307
2.950000	0.992030
2.960000	0.995669
2.970000	0.998211
2.980000	0.999649
2.990000	0.999977
3.000000	0.999194
3.010000	0.997303
3.020000	0.994310
3.030000	0.990226
3.040000	0.985063
3.050000	0.978838
3.060000	0.971573
3.070000	0.963291
3.080000	0.954019
3.090000	0.943787
3.100000	0.932628
3.110000	0.920577
3.120000	0.907673
3.130000	0.893956
3.140000	0.879469
3.150000	0.864256
3.160000	0.848362
3.170000	0.831836
3.180000	0.814726
3.190000	0.797083
3.200000	0.778955
3.210000	0.760394
3.220000	0.741451
3.230000	0.722177
3.240000	0.702623
3.250000	0.682839
3.260000	0.662876
3.270000	0.642781
3.280000	0.622604
3.290000	0.602390
3.300000	0.582185
3.310000	0.562033
3.320000	0.541976
3.330000	0.522055
3.340000	0.502307
3.350000	0.482769
3.360000	0.463477
3.370000	0.444461
3.380000	0.425752
3.390000	0.407377
3.400000	0.389363
3.410000	0.371732
3.420000	0.354506
3.430000	0.337702
3.440000	0.321337
3.450000	0.305426
3.460000	0.289980
3.470000	0.275010
3.480000	0.260523
3.490000	0.246525
3.500000	0.233020
3.510000	0.220011
3.520000	0.207497
3.530000	0.195477
3.540000	0.183949
3.550000	0.172909
3.560000	0.162351
3.570000	0.152268
3.580000	0.142653
3.590000	0.133497
3.600000	0.124789
3.610000	0.116520
3.620000	0.108679
3.630000	0.101252
3.640000	0.094228
3.650000	0.087594
3.660000	0.081337
3.670000	0.075442
3.680000	0.069897
3.690000	0.064688
3.700000	0.059801
3.710000	0.055221
3.720000	0.050936
3.730000	0.046931
3.740000	0.043192
3.750000	0.039708
3.760000	0.036464
3.770000	0.033448
3.780000	0.030647
3.790000	0.028049
3.800000	0.025644
3.810000	0.023418
3.820000	0.021362
3.830000	0.019465
3.840000	0.017717
3.850000	0.016107
3.860000	0.014628
3.870000	0.013270
3.880000	0.012024
3.890000	0.010884
3.900000	0.009840
3.910000	0.008887
3.920000	0.008017
3.930000	0.007224
3.940000	0.006503
3.950000	0.005847
3.960000	0.005251
3.970000	0.004711
3.980000	0.004222
3.990000	0.003779
4.000000	0.003379
4.010000	0.003018
4.020000	0.002692
4.030000	0.002399
4.040000	0.002136
4.050000	0.001899
4.060000	0.001687
4.070000	0.001497
4.080000	0.001326
4.090000	0.001174
4.100000	0.001038
4.110000	0.000917
4.120000	0.000809
4.130000	0.000713
4.140000	0.000628
4.150000	0.000552
4.160000	0.000485
4.170000	0.000425
4.180000	0.000373
4.190000	0.000326
4.200000	0.000285
4.210000	0.000249
4.220000	0.000218
4.230000	0.000190
4.240000	0.000165
4.250000	0.000144
4.260000	0.000125
4.270000	0.000108
4.280000	0.000094
4.290000	0.000081
4.300000	0.000070
4.310000	0.000061
4.320000	0.000052
4.330000	0.000045
4.340000	0.000039
4.350000	0.000033
4.360000	0.000029
4.370000	0.000025
4.380000	0.000021
4.390000	0.000018
4.400000	0.000015
4.410000	0.000013
4.420000	0.000011
4.430000	0.000010
4.440000	0.000008
4.450000	0.000007
4.460000	0.000006
4.470000	0.000005
4.480000	0.000004
4.490000	0.000004
4.500000	0.000003
4.510000	0.000003
4.520000	0.000002
4.530000	0.000002
4.540000	0.000002
4.550000	0.000001
4.560000	0.000001
4.570000	0.000001
4.580000	0.000001
4.590000	0.000001
4.600000	0.000001
4.610000	0.000000
4.620000	0.000000
4.630000	0.000000
4.640000	0.000000
4.650000	0.000000
4.660000	0.000000
4.670000	0.000000
4.680000	0.000000
4.690000	0.000000
4.700000	0.000000
4.710000	0.000000
4.720000	0.000000
4.730000	0.000000
4.740000	0.000000
4.750000	0.000000
4.760000	0.000000
4.770000	0.000000
4.780000	0.000000
4.790000	0.000000
4.800000	0.000000
4.810000	0.000000
4.820000	0.000000
4.830000	0.000000
4.840000	0.000000
4.850000	0.000000
4.860000	0.000000
4.870000	0.000000
4.880000	0.000000
4.890000	0.000000
4.900000	0.000000
4.910000	0.000000
4.920000	0.000000
4.930000	0.000000
4.940000	0.000000
4.950000	0.000000
4.960000	0.000000
4.970000	0.000000
4.980000	0.000000
4.990000	0.000000
5.000000	0.000000
5.010000	0.000000
5.020000	0.000000
5.030000	0.000000
5.040000	0.000000
5.050000	0.000000
5.060000	0.000000
5.070000	0.000000
5.080000	0.000000
5.090000	0.000000
5.100000	0.000000
5.110000	0.000000
5.120000	0.000000
5.130000	0.000000
5.140000	0.000000
5.150000	0.000000
5.160000	0.000000
5.170000	0.000000
5.180000	0.000000
5.190000	0.000000
5.200000	0.000000
5.210000	0.000000
5.220000	0.000000
5.230000	0.000000
5.240000	0.000000
5.250000	0.000000
5.260000	0.000000
5.270000	0.000000
5.280000	0.000000
5.290000	0.000000
5.300000	0.000000
5.310000	0.000000
5.320000	0.000000
5.330000	0.000000
5.340000	0.000000
5.350000	0.000000
5.360000	0.000000
5.370000	0.000000
5.380000	0.000000
5.390000	0.000000
5.400000	0.000000
5.410000	0.000000
5.420000	0.000000
5.430000	0.000000
5.440000	0.000000
5.450000	0.000000
5.460000	0.000000
5.470000	0.000000
5.480000	0.000000
5.490000	0.000000
5.500000	0.000000
5.510000	0.000000
5.520000	0.000000
5.530000	0.000000
5.540000	0.000000
5.550000	0.000000
5.560000	0.000000
5.570000	0.000000
5.580000	0.000000
5.590000	0.000000
5.600000	0.000000
5.610000	0.000000
5.620000	0.000000
5.630000	0.000000
5.640000	0.000000
5.650000	0.000000
5.660000	0.000000
5.670000	0.000000
5.680000	0.000000
5.690000	0.000000
5.700000	0.000000
5.710000	0.000000
5.720000	0.000000
5.730000	0.000000
5.740000	0.000000
5.750000	0.000000
5.760000	0.000000
5.770000	0.000000
5.780000	0.000000
5.790000	0.000000
5.800000	0.000000
5.810000	0.000000
5.820000	0.000000
5.830000	0.000000
5.840000	0.000000
5.850000	0.000000
5.860000	0.000000
5.870000	0.000000
5.880000	0.000000
5.890000	0.000000
5.900000	0.000000
5.910000	0.000000
5.920000	0.000000
5.930000	0.000000
5.940000	0.000000
5.950000	0.000000
5.960000	0.000000
5.970000	0.000000
5.980000	0.000000
5.990000	0.000000
6.000000	0.000000
6.010000	0.000000
6.020000	0.000000
6.030000	0.000000
6.040000	0.000000
6.050000	0.000000
6.060000	0.000000
6.070000	0.000000
6.080000	0.000000
6.090000	0.000000
6.100000	0.000000
6.110000	0.000000
6.120000	0.000000
6.130000	0.000000
6.140000	0.000000
6.150000	0.000000
6.160000	0.000000
6.170000	0.000000
6.180000	0.000000
6.190000	0.000000
6.200000	0.000000
6.210000	0.000000
6.220000	0.000000
6.230000	0.000000
6.240000	0.000000
6.250000	0.000000
6.260000	0.000000
6.270000	0.000000
6.280000	0.000000
6.290000	0.000000
6.300000	0.000000
6.310000	0.000000
6.320000	0.000000
6.330000	0.000000
6.340000	0.000000
6.350000	0.000000
6.360000	0.000000
6.370000	0.000000
6.380000	0.000000
6.390000	0.000000
6.400000	0.000000
6.410000	0.000000
6.420000	0.000000
6.430000	0.000000
6.440000	0.000000
6.450000	0.000000
6.460000	0.000000
6.470000	0.000000
6.480000	0.000000
6.490000	0.000000
6.500000	0.000000
6.510000	0.000000
6.520000	0.000000
6.530000	0.000000
6.540000	0.000000
6.550000	0.000000
6.560000	0.000000
6.570000	0.000000
6.580000	0.000000
6.590000	0.000000
6.600000	0.000000
6.610000	0.000000
6.620000	0.000000
6.630000	0.000000
6.640000	0.000000
6.650000	0.000000
6.660000	0.000000
6.670000	0.000000
6.680000	0.000000
6.690000	0.000000
6.700000	0.000000
6.710000	0.000000
6.720000	0.000000
6.730000	0.000000
6.740000	0.000000
6.750000	0.000000
6.760000	0.000000
6.770000	0.000000
6.780000	0.000000
6.790000	0.000000
6.800000	0.000000
6.810000	0.000000
6.820000	0.000000
6.830000	0.000000
6.840000	0.000000
6.850000	0.000000
6.860000	0.000000
6.870000	0.000000
6.880000	0.000000
6.890000	0.000000
6.900000	0.000000
6.910000	0.000000
6.920000	0.000000
6.930000	0.000000
6.940000	0.000000
6.950000	0.000000
6.960000	0.000000
6.970000	0.000000
6.980000	0.000000
6.990000	0.000000
7.000000	0.000000
7.010000	0.000000
7.020000	0.000000
7.030000	0.000000
7.040000	0.000000
7.050000	0.000000
7.060000	0.000000
7.070000	0.000000
7.080000	0.000000
7.090000	0.000000
7.100000	0.000000
7.110000	0.000000
7.120000	0.000000
7.130000	0.000000
7.140000	0.000000
7.150000	0.000000
7.160000	0.000000
7.170000	0.000000
7.180000	0.000000
7.190000	0.000000
7.200000	0.000000
7.210000	0.000000
7.220000	0.000000
7.230000	0.000000
7.240000	0.000000
7.250000	0.000000
7.260000	0.000000
7.270000	0.000000
7.280000	0.000000
7.290000	0.000000
7.300000	0.000000
7.310000	0.000000
7.320000	0.000000
7.330000	0.000000
7.340000	0.000000
7.350000	0.000000
7.360000	0.000000
7.370000	0.000000
7.380000	0.000000
7.390000	0.000000
7.400000	0.000000
7.410000	0.000000
7.420000	0.000000
7.430000	0.000000
7.440000	0.000000
7.450000	0.000000
7.460000	0.000000
7.470000	0.000000
7.480000	0.000000
7.490000	0.000000
7.500000	0.000000
7.510000	0.000000
7.520000	0.000000
7.530000	0.000000
7.540000	0.000000
7.550000	0.000000
7.560000	0.000000
7.570000	0.000000
7.580000	0.000000
7.590000	0.000000
7.600000	0.000000
7.610000	0.000000
7.620000	0.000000
7.630000	0.000000
7.640000	0.000000
7.650000	0.000000
7.660000	0.000000
7.670000	0.000000
7.680000	0.000000
7.690000	0.000000
7.700000	0.000000
7.710000	0.000000
7.720000	0.000000
7.730000	0.000000
7.740000	0.000000
7.750000	0.000000
7.760000	0.000000
7.770000	0.000000
7.780000	0.000000
7.790000	0.000000
7.800000	0.000000
7.810000	0.000000
7.820000	0.000000
7.830000	0.000000
7.840000	0.000000
7.850000	0.000000
7.860000	0.000000
7.870000	0.000000
7.880000	0.000000
7.890000	0.000000
7.900000	0.000000
7.910000	0.000000
7.920000	0.000000
7.930000	0.000000
7.940000	0.000000
7.950000	0.000000
7.960000	0.000000
7.970000	0.000000
7.980000	0.000000
7.990000	0.000000
8.000000	0.000000
