1.000000	0.000231
1.010000	0.000264
1.020000	0.000303
1.030000	0.000346
1.040000	0.000395
1.050000	0.000450
1.060000	0.000513
1.070000	0.000584
1.080000	0.000663
1.090000	0.000753
1.100000	0.000854
1.110000	0.000968
1.120000	0.001095
1.130000	0.001238
1.140000	0.001398
1.150000	0.001576
1.160000	0.001776
1.170000	0.001998
1.180000	0.002246
1.190000	0.002522
1.200000	0.002829
1.210000	0.003169
1.220000	0.003547
1.230000	0.003965
1.240000	0.004427
1.250000	0.004938
1.260000	0.005502
1.270000	0.006123
1.280000	0.006806
1.290000	0.007558
1.300000	0.008383
1.310000	0.009289
1.320000	0.010280
1.330000	0.011365
1.340000	0.012550
1.350000	0.013843
1.360000	0.015252
1.370000	0.016787
1.380000	0.018455
1.390000	0.020267
1.400000	0.022231
1.410000	0.024359
1.420000	0.026662
1.430000	0.029149
1.440000	0.031833
1.450000	0.034725
1.460000	0.037838
1.470000	0.041185
1.480000	0.044777
1.490000	0.048629
1.500000	0.052754
1.510000	0.057165
1.520000	0.061876
1.530000	0.066901
1.540000	0.072254
1.550000	0.077948
1.560000	0.083998
1.570000	0.090416
1.580000	0.097218
1.590000	0.104414
1.600000	0.112019
1.610000	0.120044
1.620000	0.128501
1.630000	0.137402
1.640000	0.146755
1.650000	0.156572
1.660000	0.166859
1.670000	0.177625
1.680000	0.188875
1.690000	0.200615
1.700000	0.212849
1.710000	0.225577
1.720000	0.238801
1.730000	0.252520
1.740000	0.266730
1.750000	0.281427
1.760000	0.296604
1.770000	0.312252
1.780000	0.328361
1.790000	0.344917
1.800000	0.361906
1.810000	0.379310
1.820000	0.397109
1.830000	0.415282
1.840000	0.433805
1.850000	0.452650
1.860000	0.471789
1.870000	0.491192
1.880000	0.510825
1.890000	0.530652
1.900000	0.550637
1.910000	0.570740
1.920000	0.590920
1.930000	0.611135
1.940000	0.631338
1.950000	0.651486
1.960000	0.671530
1.970000	0.691421
1.980000	0.711112
1.990000	0.730551
2.000000	0.749688
2.010000	0.768472
2.020000	0.786852
2.030000	0.804777
2.040000	0.822196
2.050000	0.839059
2.060000	0.855317
2.070000	0.870922
2.080000	0.885827
2.090000	0.899987
2.100000	0.913357
2.110000	0.925897
2.120000	0.937566
2.130000	0.948329
2.140000	0.958149
2.150000	0.966997
2.160000	0.974842
2.170000	0.981660
2.180000	0.987427
2.190000	0.992126
2.200000	0.995739
2.210000	0.998257
2.220000	0.999669
2.230000	0.999971
2.240000	0.999163
2.250000	0.997247
2.260000	0.994229
2.270000	0.990119
2.280000	0.984932
2.290000	0.978684
2.300000	0.971395
2.310000	0.963090
2.320000	0.953795
2.330000	0.943542
2.340000	0.932362
2.350000	0.920291
2.360000	0.907368
2.370000	0.893633
2.380000	0.879129
2.390000	0.863899
2.400000	0.847991
2.410000	0.831451
2.420000	0.814328
2.430000	0.796673
2.440000	0.778534
2.450000	0.759964
2.460000	0.741013
2.470000	0.721732
2.480000	0.702172
2.490000	0.682384
2.500000	0.662417
2.510000	0.642320
2.520000	0.622141
2.530000	0.601927
2.540000	0.581723
2.550000	0.561572
2.560000	0.541518
2.570000	0.521600
2.580000	0.501857
2.590000	0.482325
2.600000	0.463038
2.610000	0.444029
2.620000	0.425327
2.630000	0.406961
2.640000	0.388955
2.650000	0.371333
2.660000	0.354116
2.670000	0.337322
2.680000	0.320968
2.690000	0.305067
2.700000	0.289632
2.710000	0.274673
2.720000	0.260197
2.730000	0.246210
2.740000	0.232717
2.750000	0.219718
2.760000	0.207216
2.770000	0.195208
2.780000	0.183691
2.790000	0.172662
2.800000	0.162115
2.810000	0.152043
2.820000	0.142438
2.830000	0.133292
2.840000	0.124595
2.850000	0.116336
2.860000	0.108504
2.870000	0.101087
2.880000	0.094072
2.890000	0.087446
2.900000	0.081198
2.910000	0.075311
2.920000	0.069774
2.930000	0.064573
2.940000	0.059692
2.950000	0.055120
2.960000	0.050841
2.970000	0.046842
2.980000	0.043110
2.990000	0.039631
3.000000	0.036392
3.010000	0.033381
3.020000	0.030585
3.030000	0.027992
3.040000	0.025591
3.050000	0.023369
3.060000	0.021317
3.070000	0.019423
3.080000	0.017678
3.090000	0.016072
3.100000	0.014596
3.110000	0.013240
3.120000	0.011997
3.130000	0.010859
3.140000	0.009817
3.150000	0.008866
3.160000	0.007998
3.170000	0.007207
3.180000	0.006487
3.190000	0.005832
3.200000	0.005238
3.210000	0.004699
3.220000	0.004211
3.230000	0.003769
3.240000	0.003370
3.250000	0.003010
3.260000	0.002685
3.270000	0.002393
3.280000	0.002130
3.290000	0.001894
3.300000	0.001682
3.310000	0.001492
3.320000	0.001323
3.330000	0.001171
3.340000	0.001035
3.350000	0.000914
3.360000	0.000807
3.370000	0.000711
3.380000	0.000626
3.390000	0.000550
3.400000	0.000483
3.410000	0.000424
3.420000	0.000372
3.430000	0.000325
3.440000	0.000285
3.450000	0.000249
3.460000	0.000217
3.470000	0.000189
3.480000	0.000165
3.490000	0.000143
3.500000	0.000124
3.510000	0.000108
3.520000	0.000093
3.530000	0.000081
3.540000	0.000070
3.550000	0.000060
3.560000	0.000052
3.570000	0.000045
3.580000	0.000039
3.590000	0.000033
3.600000	0.000029
3.610000	0.000025
3.620000	0.000021
3.630000	0.000018
3.640000	0.000015
3.650000	0.000013
3.660000	0.000011
3.670000	0.000010
3.680000	0.000008
3.690000	0.000007
3.700000	0.000006
3.710000	0.000005
3.720000	0.000004
3.730000	0.000004
3.740000	0.000003
3.750000	0.000003
3.760000	0.000002
3.770000	0.000002
3.780000	0.000002
3.790000	0.000001
3.800000	0.000001
3.810000	0.000001
3.820000	0.000001
3.830000	0.000001
3.840000	0.000001
3.850000	0.000000
3.860000	0.000000
3.870000	0.000000
3.880000	0.000000
3.890000	0.000000
3.900000	0.000000
3.910000	0.000000
3.920000	0.000000
3.930000	0.000000
3.940000	0.000000
3.950000	0.000000
3.960000	0.000000
3.970000	0.000000
3.980000	0.000000
3.990000	0.000000
4.000000	0.000000
4.010000	0.000000
4.020000	0.000000
4.030000	0.000000
4.040000	0.000000
4.050000	0.000000
4.060000	0.000000
4.070000	0.000000
4.080000	0.000000
4.090000	0.000000
4.100000	0.000000
4.110000	0.000000
4.120000	0.000000
4.130000	0.000000
4.140000	0.000000
4.150000	0.000000
4.160000	0.000000
4.170000	0.000000
4.180000	0.000000
4.190000	0.000000
4.200000	0.000000
4.210000	0.000000
4.220000	0.000000
4.230000	0.000000
4.240000	0.000000
4.250000	0.000000
4.260000	0.000000
4.270000	0.000000
4.280000	0.000000
4.290000	0.000000
4.300000	0.000000
4.310000	0.000000
4.320000	0.000000
4.330000	0.000000
4.340000	0.000000
4.350000	0.000000
4.360000	0.000000
4.370000	0.000000
4.380000	0.000000
4.390000	0.000000
4.400000	0.000000
4.410000	0.000000
4.420000	0.000000
4.430000	0.000000
4.440000	0.000000
4.450000	0.000000
4.460000	0.000000
4.470000	0.000000
4.480000	0.000000
4.490000	0.000000
4.500000	0.000000
4.510000	0.000000
4.520000	0.000000
4.530000	0.000000
4.540000	0.000000
4.550000	0.000000
4.560000	0.000000
4.570000	0.000000
4.580000	0.000000
4.590000	0.000000
4.600000	0.000000
4.610000	0.000000
4.620000	0.000000
4.630000	0.000000
4.640000	0.000000
4.650000	0.000000
4.660000	0.000000
4.670000	0.000000
4.680000	0.000000
4.690000	0.000000
4.700000	0.000000
4.710000	0.000000
4.720000	0.000000
4.730000	0.000000
4.740000	0.000000
4.750000	0.000000
4.760000	0.000000
4.770000	0.000000
4.780000	0.000000
4.790000	0.000000
4.800000	0.000000
4.810000	0.000000
4.820000	0.000000
4.830000	0.000000
4.840000	0.000000
4.850000	0.000000
4.860000	0.000000
4.870000	0.000000
4.880000	0.000000
4.890000	0.000000
4.900000	0.000000
4.910000	0.000000
4.920000	0.000000
4.930000	0.000000
4.940000	0.000000
4.950000	0.000000
4.960000	0.000000
4.970000	0.000000
4.980000	0.000000
4.990000	0.000000
5.000000	0.000000
5.010000	0.000000
5.020000	0.000000
5.030000	0.000000
5.040000	0.000000
5.050000	0.000000
5.060000	0.000000
5.070000	0.000000
5.080000	0.000000
5.090000	0.000000
5.100000	0.000000
5.110000	0.000000
5.120000	0.000000
5.130000	0.000000
5.140000	0.000000
5.150000	0.000000
5.160000	0.000000
5.170000	0.000000
5.180000	0.000000
5.190000	0.000000
5.200000	0.000000
5.210000	0.000000
5.220000	0.000000
5.230000	0.000000
5.240000	0.000000
5.250000	0.000000
5.260000	0.000000
5.270000	0.000000
5.280000	0.000000
5.290000	0.000000
5.300000	0.000000
5.310000	0.000000
5.320000	0.000000
5.330000	0.000000
5.340000	0.000000
5.350000	0.000000
5.360000	0.000000
5.370000	0.000000
5.380000	0.000000
5.390000	0.000000
5.400000	0.000000
5.410000	0.000000
5.420000	0.000000
5.430000	0.000000
5.440000	0.000000
5.450000	0.000000
5.460000	0.000000
5.470000	0.000000
5.480000	0.000000
5.490000	0.000000
5.500000	0.000000
5.510000	0.000000
5.520000	0.000000
5.530000	0.000000
5.540000	0.000000
5.550000	0.000000
5.560000	0.000000
5.570000	0.000000
5.580000	0.000000
5.590000	0.000000
5.600000	0.000000
5.610000	0.000000
5.620000	0.000000
5.630000	0.000000
5.640000	0.000000
5.650000	0.000000
5.660000	0.000000
5.670000	0.000000
5.680000	0.000000
5.690000	0.000000
5.700000	0.000000
5.710000	0.000000
5.720000	0.000000
5.730000	0.000000
5.740000	0.000000
5.750000	0.000000
5.760000	0.000000
5.770000	0.000000
5.780000	0.000000
5.790000	0.000000
5.800000	0.000000
5.810000	0.000000
5.820000	0.000000
5.830000	0.000000
5.840000	0.000000
5.850000	0.000000
5.860000	0.000000
5.870000	0.000000
5.880000	0.000000
5.890000	0.000000
5.900000	0.000000
5.910000	0.000000
5.920000	0.000000
5.930000	0.000000
5.940000	0.000000
5.950000	0.000000
5.960000	0.000000
5.970000	0.000000
5.980000	0.000000
5.990000	0.000000
6.000000	0.000000
6.010000	0.000000
6.020000	0.000000
6.030000	0.000000
6.040000	0.000000
6.050000	0.000000
6.060000	0.000000
6.070000	0.000000
6.080000	0.000000
6.090000	0.000000
6.100000	0.000000
6.110000	0.000000
6.120000	0.000000
6.130000	0.000000
6.140000	0.000000
6.150000	0.000000
6.160000	0.000000
6.170000	0.000000
6.180000	0.000000
6.190000	0.000000
6.200000	0.000000
6.210000	0.000000
6.220000	0.000000
6.230000	0.000000
6.240000	0.000000
6.250000	0.000000
6.260000	0.000000
6.270000	0.000000
6.280000	0.000000
6.290000	0.000000
6.300000	0.000000
6.310000	0.000000
6.320000	0.000000
6.330000	0.000000
6.340000	0.000000
6.350000	0.000000
6.360000	0.000000
6.370000	0.000000
6.380000	0.000000
6.390000	0.000000
6.400000	0.000000
6.410000	0.000000
6.420000	0.000000
6.430000	0.000000
6.440000	0.000000
6.450000	0.000000
6.460000	0.000000
6.470000	0.000000
6.480000	0.000000
6.490000	0.000000
6.500000	0.000000
6.510000	0.000000
6.520000	0.000000
6.530000	0.000000
6.540000	0.000000
6.550000	0.000000
6.560000	0.000000
6.570000	0.000000
6.580000	0.000000
6.590000	0.000000
6.600000	0.000000
6.610000	0.000000
6.620000	0.000000
6.630000	0.000000
6.640000	0.000000
6.650000	0.000000
6.660000	0.000000
6.670000	0.000000
6.680000	0.000000
6.690000	0.000000
6.700000	0.000000
6.710000	0.000000
6.720000	0.000000
6.730000	0.000000
6.740000	0.000000
6.750000	0.000000
6.760000	0.000000
6.770000	0.000000
6.780000	0.000000
6.790000	0.000000
6.800000	0.000000
6.810000	0.000000
6.820000	0.000000
6.830000	0.000000
6.840000	0.000000
6.850000	0.000000
6.860000	0.000000
6.870000	0.000000
6.880000	0.000000
6.890000	0.000000
6.900000	0.000000
6.910000	0.000000
6.920000	0.000000
6.930000	0.000000
6.940000	0.000000
6.950000	0.000000
6.960000	0.000000
6.970000	0.000000
6.980000	0.000000
6.990000	0.000000
7.000000	0.000000
7.010000	0.000000
7.020000	0.000000
7.030000	0.000000
7.040000	0.000000
7.050000	0.000000
7.060000	0.000000
7.070000	0.000000
7.080000	0.000000
7.090000	0.000000
7.100000	0.000000
7.110000	0.000000
7.120000	0.000000
7.130000	0.000000
7.140000	0.000000
7.150000	0.000000
7.160000	0.000000
7.170000	0.000000
7.180000	0.000000
7.190000	0.000000
7.200000	0.000000
7.210000	0.000000
7.220000	0.000000
7.230000	0.000000
7.240000	0.000000
7.250000	0.000000
7.260000	0.000000
7.270000	0.000000
7.280000	0.000000
7.290000	0.000000
7.300000	0.000000
7.310000	0.000000
7.320000	0.000000
7.330000	0.000000
7.340000	0.000000
7.350000	0.000000
7.360000	0.000000
7.370000	0.000000
7.380000	0.000000
7.390000	0.000000
7.400000	0.000000
7.410000	0.000000
7.420000	0.000000
7.430000	0.000000
7.440000	0.000000
7.450000	0.000000
7.460000	0.000000
7.470000	0.000000
7.480000	0.000000
7.490000	0.000000
7.500000	0.000000
7.510000	0.000000
7.520000	0.000000
7.530000	0.000000
7.540000	0.000000
7.550000	0.000000
7.560000	0.000000
7.570000	0.000000
7.580000	0.000000
7.590000	0.000000
7.600000	0.000000
7.610000	0.000000
7.620000	0.000000
7.630000	0.000000
7.640000	0.000000
7.650000	0.000000
7.660000	0.000000
7.670000	0.000000
7.680000	0.000000
7.690000	0.000000
7.700000	0.000000
7.710000	0.000000
7.720000	0.000000
7.730000	0.000000
7.740000	0.000000
7.750000	0.000000
7.760000	0.000000
7.770000	0.000000
7.780000	0.000000
7.790000	0.000000
7.800000	0.000000
7.810000	0.000000
7.820000	0.000000
7.830000	0.000000
7.840000	0.000000
7.850000	0.000000
7.860000	0.000000
7.870000	0.000000
7.880000	0.000000
7.890000	0.000000
7.900000	0.000000
7.910000	0.000000
7.920000	0.000000
7.930000	0.000000
7.940000	0.000000
7.950000	0.000000
7.960000	0.000000
7.970000	0.000000
7.980000	0.000000
7.990000	0.000000
8.000000	0.000000
