1.000000	0.000300
1.010000	0.000315
1.020000	0.000330
1.030000	0.000347
1.040000	0.000363
1.050000	0.000381
1.060000	0.000399
1.070000	0.000418
1.080000	0.000438
1.090000	0.000459
1.100000	0.000481
1.110000	0.000504
1.120000	0.000527
1.130000	0.000552
1.140000	0.000578
1.150000	0.000605
1.160000	0.000633
1.170000	0.000663
1.180000	0.000693
1.190000	0.000725
1.200000	0.000759
1.210000	0.000794
1.220000	0.000830
1.230000	0.000868
1.240000	0.000907
1.250000	0.000948
1.260000	0.000991
1.270000	0.001035
1.280000	0.001082
1.290000	0.001130
1.300000	0.001181
1.310000	0.001233
1.320000	0.001287
1.330000	0.001344
1.340000	0.001403
1.350000	0.001465
1.360000	0.001529
1.370000	0.001595
1.380000	0.001664
1.390000	0.001736
1.400000	0.001811
1.410000	0.001889
1.420000	0.001970
1.430000	0.002054
1.440000	0.002141
1.450000	0.002232
1.460000	0.002326
1.470000	0.002424
1.480000	0.002525
1.490000	0.002631
1.500000	0.002740
1.510000	0.002854
1.520000	0.002972
1.530000	0.003094
1.540000	0.003221
1.550000	0.003352
1.560000	0.003489
1.570000	0.003631
1.580000	0.003777
1.590000	0.003930
1.600000	0.004087
1.610000	0.004251
1.620000	0.004420
1.630000	0.004596
1.640000	0.004778
1.650000	0.004966
1.660000	0.005161
1.670000	0.005363
1.680000	0.005572
1.690000	0.005789
1.700000	0.006013
1.710000	0.006244
1.720000	0.006484
1.730000	0.006732
1.740000	0.006989
1.750000	0.007254
1.760000	0.007528
1.770000	0.007812
1.780000	0.008105
1.790000	0.008408
1.800000	0.008721
1.810000	0.009044
1.820000	0.009379
1.830000	0.009724
1.840000	0.010080
1.850000	0.010448
1.860000	0.010828
1.870000	0.011220
1.880000	0.011625
1.890000	0.012042
1.900000	0.012473
1.910000	0.012918
1.920000	0.013376
1.930000	0.013849
1.940000	0.014336
1.950000	0.014839
1.960000	0.015357
1.970000	0.015891
1.980000	0.016441
1.990000	0.017007
2.000000	0.017591
2.010000	0.018192
2.020000	0.018812
2.030000	0.019449
2.040000	0.020105
2.050000	0.020781
2.060000	0.021476
2.070000	0.022192
2.080000	0.022928
2.090000	0.023685
2.100000	0.024463
2.110000	0.025264
2.120000	0.026087
2.130000	0.026933
2.140000	0.027803
2.150000	0.028697
2.160000	0.029616
2.170000	0.030559
2.180000	0.031528
2.190000	0.032524
2.200000	0.033546
2.210000	0.034595
2.220000	0.035672
2.230000	0.036778
2.240000	0.037912
2.250000	0.039076
2.260000	0.040270
2.270000	0.041495
2.280000	0.042751
2.290000	0.044039
2.300000	0.045359
2.310000	0.046712
2.320000	0.048099
2.330000	0.049520
2.340000	0.050976
2.350000	0.052468
2.360000	0.053995
2.370000	0.055559
2.380000	0.057161
2.390000	0.058800
2.400000	0.060478
2.410000	0.062195
2.420000	0.063951
2.430000	0.065748
2.440000	0.067586
2.450000	0.069466
2.460000	0.071388
2.470000	0.073353
2.480000	0.075362
2.490000	0.077414
2.500000	0.079511
2.510000	0.081654
2.520000	0.083842
2.530000	0.086078
2.540000	0.088360
2.550000	0.090690
2.560000	0.093069
2.570000	0.095496
2.580000	0.097973
2.590000	0.100500
2.600000	0.103078
2.610000	0.105707
2.620000	0.108388
2.630000	0.111122
2.640000	0.113908
2.650000	0.116748
2.660000	0.119642
2.670000	0.122590
2.680000	0.125594
2.690000	0.128653
2.700000	0.131768
2.710000	0.134939
2.720000	0.138167
2.730000	0.141453
2.740000	0.144797
2.750000	0.148198
2.760000	0.151659
2.770000	0.155178
2.780000	0.158757
2.790000	0.162396
2.800000	0.166094
2.810000	0.169853
2.820000	0.173673
2.830000	0.177554
2.840000	0.181496
2.850000	0.185499
2.860000	0.189564
2.870000	0.193691
2.880000	0.197880
2.890000	0.202131
2.900000	0.206445
2.910000	0.210821
2.920000	0.215260
2.930000	0.219761
2.940000	0.224325
2.950000	0.228951
2.960000	0.233640
2.970000	0.238392
2.980000	0.243206
2.990000	0.248083
3.000000	0.253021
3.010000	0.258022
3.020000	0.263085
3.030000	0.268210
3.040000	0.273396
3.050000	0.278643
3.060000	0.283951
3.070000	0.289319
3.080000	0.294748
3.090000	0.300236
3.100000	0.305784
3.110000	0.311390
3.120000	0.317055
3.130000	0.322777
3.140000	0.328557
3.150000	0.334393
3.160000	0.340285
3.170000	0.346232
3.180000	0.352234
3.190000	0.358289
3.200000	0.364397
3.210000	0.370558
3.220000	0.376770
3.230000	0.383032
3.240000	0.389343
3.250000	0.395703
3.260000	0.402111
3.270000	0.408564
3.280000	0.415064
3.290000	0.421607
3.300000	0.428193
3.310000	0.434821
3.320000	0.441490
3.330000	0.448199
3.340000	0.454945
3.350000	0.461728
3.360000	0.468546
3.370000	0.475398
3.380000	0.482283
3.390000	0.489199
3.400000	0.496144
3.410000	0.503118
3.420000	0.510118
3.430000	0.517142
3.440000	0.524190
3.450000	0.531259
3.460000	0.538348
3.470000	0.545455
3.480000	0.552578
3.490000	0.559716
3.500000	0.566866
3.510000	0.574027
3.520000	0.581197
3.530000	0.588374
3.540000	0.595556
3.550000	0.602740
3.560000	0.609926
3.570000	0.617111
3.580000	0.624293
3.590000	0.631470
3.600000	0.638640
3.610000	0.645801
3.620000	0.652950
3.630000	0.660086
3.640000	0.667206
3.650000	0.674308
3.660000	0.681390
3.670000	0.688450
3.680000	0.695485
3.690000	0.702494
3.700000	0.709473
3.710000	0.716422
3.720000	0.723337
3.730000	0.730216
3.740000	0.737057
3.750000	0.743858
3.760000	0.750616
3.770000	0.757329
3.780000	0.763995
3.790000	0.770612
3.800000	0.777176
3.810000	0.783687
3.820000	0.790141
3.830000	0.796537
3.840000	0.802871
3.850000	0.809143
3.860000	0.815349
3.870000	0.821487
3.880000	0.827555
3.890000	0.833551
3.900000	0.839473
3.910000	0.845318
3.920000	0.851085
3.930000	0.856770
3.940000	0.862372
3.950000	0.867889
3.960000	0.873319
3.970000	0.878660
3.980000	0.883909
3.990000	0.889064
4.000000	0.894124
4.010000	0.899087
4.020000	0.903950
4.030000	0.908712
4.040000	0.913371
4.050000	0.917925
4.060000	0.922373
4.070000	0.926711
4.080000	0.930940
4.090000	0.935056
4.100000	0.939059
4.110000	0.942946
4.120000	0.946717
4.130000	0.950369
4.140000	0.953902
4.150000	0.957313
4.160000	0.960602
4.170000	0.963767
4.180000	0.966806
4.190000	0.969719
4.200000	0.972504
4.210000	0.975160
4.220000	0.977686
4.230000	0.980082
4.240000	0.982345
4.250000	0.984475
4.260000	0.986471
4.270000	0.988333
4.280000	0.990059
4.290000	0.991649
4.300000	0.993102
4.310000	0.994417
4.320000	0.995595
4.330000	0.996634
4.340000	0.997534
4.350000	0.998295
4.360000	0.998916
4.370000	0.999397
4.380000	0.999739
4.390000	0.999939
4.400000	1.000000
4.410000	0.999920
4.420000	0.999700
4.430000	0.999340
4.440000	0.998839
4.450000	0.998199
4.460000	0.997419
4.470000	0.996500
4.480000	0.995441
4.490000	0.994245
4.500000	0.992910
4.510000	0.991438
4.520000	0.989830
4.530000	0.988085
4.540000	0.986205
4.550000	0.984190
4.560000	0.982041
4.570000	0.979760
4.580000	0.977347
4.590000	0.974803
4.600000	0.972129
4.610000	0.969326
4.620000	0.966396
4.630000	0.963339
4.640000	0.960157
4.650000	0.956851
4.660000	0.953423
4.670000	0.949874
4.680000	0.946206
4.690000	0.942419
4.700000	0.938515
4.710000	0.934497
4.720000	0.930365
4.730000	0.926121
4.740000	0.921767
4.750000	0.917305
4.760000	0.912737
4.770000	0.908064
4.780000	0.903288
4.790000	0.898410
4.800000	0.893434
4.810000	0.888361
4.820000	0.883192
4.830000	0.877931
4.840000	0.872578
4.850000	0.867136
4.860000	0.861607
4.870000	0.855993
4.880000	0.850296
4.890000	0.844519
4.900000	0.838663
4.910000	0.832731
4.920000	0.826725
4.930000	0.820647
4.940000	0.814499
4.950000	0.808284
4.960000	0.802004
4.970000	0.795661
4.980000	0.789257
4.990000	0.782795
5.000000	0.776277
5.010000	0.769705
5.020000	0.763081
5.030000	0.756409
5.040000	0.749689
5.050000	0.742925
5.060000	0.736119
5.070000	0.729272
5.080000	0.722388
5.090000	0.715468
5.100000	0.708515
5.110000	0.701532
5.120000	0.694519
5.130000	0.687480
5.140000	0.680417
5.150000	0.673332
5.160000	0.666228
5.170000	0.659105
5.180000	0.651968
5.190000	0.644817
5.200000	0.637655
5.210000	0.630484
5.220000	0.623306
5.230000	0.616124
5.240000	0.608938
5.250000	0.601752
5.260000	0.594568
5.270000	0.587387
5.280000	0.580211
5.290000	0.573042
5.300000	0.565882
5.310000	0.558733
5.320000	0.551598
5.330000	0.544477
5.340000	0.537372
5.350000	0.530286
5.360000	0.523219
5.370000	0.516175
5.380000	0.509154
5.390000	0.502157
5.400000	0.495188
5.410000	0.488246
5.420000	0.481335
5.430000	0.474454
5.440000	0.467607
5.450000	0.460793
5.460000	0.454015
5.470000	0.447274
5.480000	0.440571
5.490000	0.433908
5.500000	0.427285
5.510000	0.420705
5.520000	0.414167
5.530000	0.407674
5.540000	0.401227
5.550000	0.394826
5.560000	0.388472
5.570000	0.382168
5.580000	0.375912
5.590000	0.369708
5.600000	0.363554
5.610000	0.357453
5.620000	0.351405
5.630000	0.345411
5.640000	0.339471
5.650000	0.333587
5.660000	0.327759
5.670000	0.321987
5.680000	0.316272
5.690000	0.310616
5.700000	0.305017
5.710000	0.299478
5.720000	0.293998
5.730000	0.288578
5.740000	0.283217
5.750000	0.277918
5.760000	0.272679
5.770000	0.267501
5.780000	0.262385
5.790000	0.257331
5.800000	0.252339
5.810000	0.247408
5.820000	0.242540
5.830000	0.237735
5.840000	0.232992
5.850000	0.228311
5.860000	0.223693
5.870000	0.219138
5.880000	0.214646
5.890000	0.210216
5.900000	0.205848
5.910000	0.201543
5.920000	0.197300
5.930000	0.193120
5.940000	0.189001
5.950000	0.184945
5.960000	0.180950
5.970000	0.177016
5.980000	0.173144
5.990000	0.169333
6.000000	0.165582
6.010000	0.161892
6.020000	0.158261
6.030000	0.154691
6.040000	0.151180
6.050000	0.147727
6.060000	0.144334
6.070000	0.140998
6.080000	0.137720
6.090000	0.134500
6.100000	0.131336
6.110000	0.128229
6.120000	0.125178
6.130000	0.122182
6.140000	0.119241
6.150000	0.116354
6.160000	0.113522
6.170000	0.110743
6.180000	0.108017
6.190000	0.105343
6.200000	0.102721
6.210000	0.100150
6.220000	0.097630
6.230000	0.095159
6.240000	0.092739
6.250000	0.090367
6.260000	0.088043
6.270000	0.085768
6.280000	0.083539
6.290000	0.081357
6.300000	0.079220
6.310000	0.077129
6.320000	0.075083
6.330000	0.073080
6.340000	0.071121
6.350000	0.069205
6.360000	0.067331
6.370000	0.065499
6.380000	0.063707
6.390000	0.061956
6.400000	0.060245
6.410000	0.058572
6.420000	0.056938
6.430000	0.055342
6.440000	0.053783
6.450000	0.052260
6.460000	0.050774
6.470000	0.049323
6.480000	0.047906
6.490000	0.046524
6.500000	0.045176
6.510000	0.043860
6.520000	0.042576
6.530000	0.041325
6.540000	0.040104
6.550000	0.038914
6.560000	0.037755
6.570000	0.036624
6.580000	0.035522
6.590000	0.034449
6.600000	0.033404
6.610000	0.032385
6.620000	0.031393
6.630000	0.030428
6.640000	0.029488
6.650000	0.028573
6.660000	0.027682
6.670000	0.026816
6.680000	0.025973
6.690000	0.025153
6.700000	0.024355
6.710000	0.023579
6.720000	0.022825
6.730000	0.022092
6.740000	0.021379
6.750000	0.020687
6.760000	0.020014
6.770000	0.019360
6.780000	0.018725
6.790000	0.018109
6.800000	0.017510
6.810000	0.016928
6.820000	0.016364
6.830000	0.015816
6.840000	0.015285
6.850000	0.014769
6.860000	0.014268
6.870000	0.013783
6.880000	0.013312
6.890000	0.012856
6.900000	0.012413
6.910000	0.011984
6.920000	0.011568
6.930000	0.011165
6.940000	0.010775
6.950000	0.010397
6.960000	0.010030
6.970000	0.009676
6.980000	0.009332
6.990000	0.008999
7.000000	0.008677
7.010000	0.008366
7.020000	0.008064
7.030000	0.007772
7.040000	0.007490
7.050000	0.007217
7.060000	0.006953
7.070000	0.006698
7.080000	0.006451
7.090000	0.006212
7.100000	0.005981
7.110000	0.005758
7.120000	0.005543
7.130000	0.005335
7.140000	0.005134
7.150000	0.004940
7.160000	0.004752
7.170000	0.004571
7.180000	0.004397
7.190000	0.004228
7.200000	0.004065
7.210000	0.003908
7.220000	0.003757
7.230000	0.003611
7.240000	0.003470
7.250000	0.003334
7.260000	0.003203
7.270000	0.003077
7.280000	0.002955
7.290000	0.002838
7.300000	0.002725
7.310000	0.002616
7.320000	0.002511
7.330000	0.002410
7.340000	0.002313
7.350000	0.002219
7.360000	0.002129
7.370000	0.002042
7.380000	0.001958
7.390000	0.001878
7.400000	0.001801
7.410000	0.001726
7.420000	0.001655
7.430000	0.001586
7.440000	0.001520
7.450000	0.001456
7.460000	0.001395
7.470000	0.001336
7.480000	0.001280
7.490000	0.001226
7.500000	0.001173
7.510000	0.001123
7.520000	0.001075
7.530000	0.001029
7.540000	0.000985
7.550000	0.000942
7.560000	0.000901
7.570000	0.000862
7.580000	0.000825
7.590000	0.000789
7.600000	0.000754
7.610000	0.000721
7.620000	0.000689
7.630000	0.000659
7.640000	0.000629
7.650000	0.000601
7.660000	0.000574
7.670000	0.000549
7.680000	0.000524
7.690000	0.000500
7.700000	0.000478
7.710000	0.000456
7.720000	0.000435
7.730000	0.000416
7.740000	0.000397
7.750000	0.000378
7.760000	0.000361
7.770000	0.000344
7.780000	0.000328
7.790000	0.000313
7.800000	0.000299
7.810000	0.000285
7.820000	0.000271
7.830000	0.000259
7.840000	0.000246
7.850000	0.000235
7.860000	0.000224
7.870000	0.000213
7.880000	0.000203
7.890000	0.000193
7.900000	0.000184
7.910000	0.000175
7.920000	0.000167
7.930000	0.000159
7.940000	0.000151
7.950000	0.000144
7.960000	0.000137
7.970000	0.000130
7.980000	0.000124
7.990000	0.000118
8.000000	0.000112
