1.000000	0.004335
1.010000	0.004477
1.020000	0.004622
1.030000	0.004772
1.040000	0.004925
1.050000	0.005083
1.060000	0.005245
1.070000	0.005412
1.080000	0.005583
1.090000	0.005758
1.100000	0.005939
1.110000	0.006124
1.120000	0.006314
1.130000	0.006508
1.140000	0.006708
1.150000	0.006914
1.160000	0.007124
1.170000	0.007340
1.180000	0.007561
1.190000	0.007788
1.200000	0.008020
1.210000	0.008259
1.220000	0.008503
1.230000	0.008753
1.240000	0.009009
1.250000	0.009271
1.260000	0.009540
1.270000	0.009815
1.280000	0.010097
1.290000	0.010385
1.300000	0.010680
1.310000	0.010982
1.320000	0.011290
1.330000	0.011606
1.340000	0.011929
1.350000	0.012259
1.360000	0.012596
1.370000	0.012941
1.380000	0.013293
1.390000	0.013654
1.400000	0.014021
1.410000	0.014397
1.420000	0.014781
1.430000	0.015173
1.440000	0.015573
1.450000	0.015981
1.460000	0.016397
1.470000	0.016823
1.480000	0.017256
1.490000	0.017699
1.500000	0.018150
1.510000	0.018610
1.520000	0.019079
1.530000	0.019557
1.540000	0.020044
1.550000	0.020540
1.560000	0.021046
1.570000	0.021561
1.580000	0.022086
1.590000	0.022620
1.600000	0.023164
1.610000	0.023717
1.620000	0.024281
1.630000	0.024854
1.640000	0.025437
1.650000	0.026030
1.660000	0.026633
1.670000	0.027246
1.680000	0.027870
1.690000	0.028503
1.700000	0.029147
1.710000	0.029802
1.720000	0.030466
1.730000	0.031141
1.740000	0.031827
1.750000	0.032523
1.760000	0.033230
1.770000	0.033947
1.780000	0.034674
1.790000	0.035413
1.800000	0.036162
1.810000	0.036921
1.820000	0.037691
1.830000	0.038472
1.840000	0.039263
1.850000	0.040065
1.860000	0.040878
1.870000	0.041701
1.880000	0.042534
1.890000	0.043379
1.900000	0.044233
1.910000	0.045098
1.920000	0.045974
1.930000	0.046860
1.940000	0.047756
1.950000	0.048663
1.960000	0.049579
1.970000	0.050506
1.980000	0.051443
1.990000	0.052390
2.000000	0.053346
2.010000	0.054313
2.020000	0.055289
2.030000	0.056275
2.040000	0.057270
2.050000	0.058275
2.060000	0.059289
2.070000	0.060311
2.080000	0.061343
2.090000	0.062384
2.100000	0.063433
2.110000	0.064491
2.120000	0.065558
2.130000	0.066632
2.140000	0.067715
2.150000	0.068805
2.160000	0.069903
2.170000	0.071009
2.180000	0.072121
2.190000	0.073241
2.200000	0.074368
2.210000	0.075501
2.220000	0.076641
2.230000	0.077787
2.240000	0.078939
2.250000	0.080097
2.260000	0.081260
2.270000	0.082429
2.280000	0.083602
2.290000	0.084780
2.300000	0.085963
2.310000	0.087149
2.320000	0.088340
2.330000	0.089534
2.340000	0.090732
2.350000	0.091932
2.360000	0.093135
2.370000	0.094341
2.380000	0.095549
2.390000	0.096758
2.400000	0.097969
2.410000	0.099181
2.420000	0.100394
2.430000	0.101607
2.440000	0.102821
2.450000	0.104034
2.460000	0.105247
2.470000	0.106458
2.480000	0.107669
2.490000	0.108878
2.500000	0.110084
2.510000	0.111289
2.520000	0.112491
2.530000	0.113689
2.540000	0.114884
2.550000	0.116076
2.560000	0.117263
2.570000	0.118445
2.580000	0.119623
2.590000	0.120795
2.600000	0.121962
2.610000	0.123122
2.620000	0.124276
2.630000	0.125423
2.640000	0.126563
2.650000	0.127695
2.660000	0.128819
2.670000	0.129934
2.680000	0.131041
2.690000	0.132138
2.700000	0.133226
2.710000	0.134304
2.720000	0.135372
2.730000	0.136429
2.740000	0.137475
2.750000	0.138510
2.760000	0.139532
2.770000	0.140543
2.780000	0.141541
2.790000	0.142526
2.800000	0.143498
2.810000	0.144456
2.820000	0.145400
2.830000	0.146330
2.840000	0.147246
2.850000	0.148146
2.860000	0.149031
2.870000	0.149901
2.880000	0.150755
2.890000	0.151593
2.900000	0.152414
2.910000	0.153219
2.920000	0.154006
2.930000	0.154777
2.940000	0.155530
2.950000	0.156265
2.960000	0.156982
2.970000	0.157682
2.980000	0.158362
2.990000	0.159025
3.000000	0.159668
3.010000	0.160293
3.020000	0.160898
3.030000	0.161484
3.040000	0.162051
3.050000	0.162599
3.060000	0.163127
3.070000	0.163635
3.080000	0.164124
3.090000	0.164593
3.100000	0.165043
3.110000	0.165472
3.120000	0.165882
3.130000	0.166273
3.140000	0.166644
3.150000	0.166995
3.160000	0.167327
3.170000	0.167639
3.180000	0.167933
3.190000	0.168208
3.200000	0.168464
3.210000	0.168701
3.220000	0.168920
3.230000	0.169122
3.240000	0.169306
3.250000	0.169472
3.260000	0.169622
3.270000	0.169756
3.280000	0.169873
3.290000	0.169975
3.300000	0.170063
3.310000	0.170135
3.320000	0.170195
3.330000	0.170241
3.340000	0.170274
3.350000	0.170296
3.360000	0.170307
3.370000	0.170309
3.380000	0.170300
3.390000	0.170284
3.400000	0.170260
3.410000	0.170230
3.420000	0.170195
3.430000	0.170155
3.440000	0.170113
3.450000	0.170069
3.460000	0.170024
3.470000	0.169980
3.480000	0.169938
3.490000	0.169900
3.500000	0.169867
3.510000	0.169841
3.520000	0.169823
3.530000	0.169816
3.540000	0.169820
3.550000	0.169837
3.560000	0.169870
3.570000	0.169921
3.580000	0.169991
3.590000	0.170082
3.600000	0.170197
3.610000	0.170338
3.620000	0.170507
3.630000	0.170706
3.640000	0.170939
3.650000	0.171206
3.660000	0.171512
3.670000	0.171857
3.680000	0.172247
3.690000	0.172681
3.700000	0.173165
3.710000	0.173700
3.720000	0.174289
3.730000	0.174936
3.740000	0.175644
3.750000	0.176415
3.760000	0.177252
3.770000	0.178160
3.780000	0.179140
3.790000	0.180197
3.800000	0.181334
3.810000	0.182554
3.820000	0.183860
3.830000	0.185256
3.840000	0.186746
3.850000	0.188333
3.860000	0.190020
3.870000	0.191812
3.880000	0.193711
3.890000	0.195721
3.900000	0.197846
3.910000	0.200089
3.920000	0.202453
3.930000	0.204944
3.940000	0.207562
3.950000	0.210314
3.960000	0.213201
3.970000	0.216227
3.980000	0.219395
3.990000	0.222709
4.000000	0.226173
4.010000	0.229788
4.020000	0.233558
4.030000	0.237487
4.040000	0.241576
4.050000	0.245829
4.060000	0.250249
4.070000	0.254837
4.080000	0.259597
4.090000	0.264530
4.100000	0.269639
4.110000	0.274925
4.120000	0.280391
4.130000	0.286037
4.140000	0.291866
4.150000	0.297878
4.160000	0.304075
4.170000	0.310456
4.180000	0.317023
4.190000	0.323777
4.200000	0.330716
4.210000	0.337841
4.220000	0.345152
4.230000	0.352648
4.240000	0.360327
4.250000	0.368188
4.260000	0.376231
4.270000	0.384453
4.280000	0.392852
4.290000	0.401425
4.300000	0.410170
4.310000	0.419084
4.320000	0.428163
4.330000	0.437404
4.340000	0.446802
4.350000	0.456354
4.360000	0.466055
4.370000	0.475899
4.380000	0.485882
4.390000	0.495997
4.400000	0.506239
4.410000	0.516601
4.420000	0.527077
4.430000	0.537660
4.440000	0.548343
4.450000	0.559118
4.460000	0.569976
4.470000	0.580911
4.480000	0.591914
4.490000	0.602975
4.500000	0.614086
4.510000	0.625238
4.520000	0.636421
4.530000	0.647624
4.540000	0.658840
4.550000	0.670056
4.560000	0.681263
4.570000	0.692450
4.580000	0.703606
4.590000	0.714721
4.600000	0.725782
4.610000	0.736780
4.620000	0.747702
4.630000	0.758538
4.640000	0.769275
4.650000	0.779903
4.660000	0.790408
4.670000	0.800781
4.680000	0.811009
4.690000	0.821081
4.700000	0.830985
4.710000	0.840710
4.720000	0.850244
4.730000	0.859575
4.740000	0.868694
4.750000	0.877588
4.760000	0.886246
4.770000	0.894659
4.780000	0.902816
4.790000	0.910705
4.800000	0.918318
4.810000	0.925644
4.820000	0.932674
4.830000	0.939399
4.840000	0.945810
4.850000	0.951898
4.860000	0.957655
4.870000	0.963073
4.880000	0.968146
4.890000	0.972865
4.900000	0.977225
4.910000	0.981218
4.920000	0.984840
4.930000	0.988086
4.940000	0.990949
4.950000	0.993426
4.960000	0.995513
4.970000	0.997207
4.980000	0.998505
4.990000	0.999404
5.000000	0.999903
5.010000	1.000000
5.020000	0.999694
5.030000	0.998986
5.040000	0.997874
5.050000	0.996361
5.060000	0.994447
5.070000	0.992134
5.080000	0.989424
5.090000	0.986320
5.100000	0.982825
5.110000	0.978943
5.120000	0.974679
5.130000	0.970036
5.140000	0.965021
5.150000	0.959639
5.160000	0.953895
5.170000	0.947796
5.180000	0.941350
5.190000	0.934564
5.200000	0.927444
5.210000	0.920000
5.220000	0.912240
5.230000	0.904173
5.240000	0.895807
5.250000	0.887152
5.260000	0.878218
5.270000	0.869014
5.280000	0.859551
5.290000	0.849840
5.300000	0.839891
5.310000	0.829714
5.320000	0.819321
5.330000	0.808722
5.340000	0.797930
5.350000	0.786955
5.360000	0.775809
5.370000	0.764503
5.380000	0.753049
5.390000	0.741458
5.400000	0.729742
5.410000	0.717913
5.420000	0.705981
5.430000	0.693959
5.440000	0.681858
5.450000	0.669689
5.460000	0.657463
5.470000	0.645192
5.480000	0.632885
5.490000	0.620555
5.500000	0.608211
5.510000	0.595864
5.520000	0.583525
5.530000	0.571202
5.540000	0.558907
5.550000	0.546648
5.560000	0.534434
5.570000	0.522276
5.580000	0.510181
5.590000	0.498158
5.600000	0.486215
5.610000	0.474360
5.620000	0.462601
5.630000	0.450945
5.640000	0.439399
5.650000	0.427970
5.660000	0.416664
5.670000	0.405487
5.680000	0.394445
5.690000	0.383543
5.700000	0.372786
5.710000	0.362180
5.720000	0.351728
5.730000	0.341435
5.740000	0.331305
5.750000	0.321340
5.760000	0.311545
5.770000	0.301923
5.780000	0.292475
5.790000	0.283204
5.800000	0.274112
5.810000	0.265201
5.820000	0.256473
5.830000	0.247928
5.840000	0.239567
5.850000	0.231392
5.860000	0.223402
5.870000	0.215597
5.880000	0.207978
5.890000	0.200545
5.900000	0.193296
5.910000	0.186231
5.920000	0.179350
5.930000	0.172650
5.940000	0.166131
5.950000	0.159792
5.960000	0.153630
5.970000	0.147643
5.980000	0.141831
5.990000	0.136190
6.000000	0.130720
6.010000	0.125416
6.020000	0.120277
6.030000	0.115301
6.040000	0.110484
6.050000	0.105824
6.060000	0.101318
6.070000	0.096963
6.080000	0.092757
6.090000	0.088696
6.100000	0.084778
6.110000	0.080999
6.120000	0.077356
6.130000	0.073845
6.140000	0.070465
6.150000	0.067211
6.160000	0.064081
6.170000	0.061071
6.180000	0.058178
6.190000	0.055399
6.200000	0.052730
6.210000	0.050170
6.220000	0.047713
6.230000	0.045358
6.240000	0.043101
6.250000	0.040940
6.260000	0.038870
6.270000	0.036890
6.280000	0.034996
6.290000	0.033185
6.300000	0.031455
6.310000	0.029803
6.320000	0.028226
6.330000	0.026721
6.340000	0.025286
6.350000	0.023918
6.360000	0.022614
6.370000	0.021373
6.380000	0.020191
6.390000	0.019067
6.400000	0.017998
6.410000	0.016981
6.420000	0.016016
6.430000	0.015099
6.440000	0.014229
6.450000	0.013403
6.460000	0.012620
6.470000	0.011877
6.480000	0.011174
6.490000	0.010508
6.500000	0.009878
6.510000	0.009282
6.520000	0.008718
6.530000	0.008184
6.540000	0.007681
6.550000	0.007205
6.560000	0.006756
6.570000	0.006332
6.580000	0.005933
6.590000	0.005556
6.600000	0.005201
6.610000	0.004867
6.620000	0.004553
6.630000	0.004257
6.640000	0.003978
6.650000	0.003716
6.660000	0.003471
6.670000	0.003240
6.680000	0.003023
6.690000	0.002819
6.700000	0.002628
6.710000	0.002449
6.720000	0.002282
6.730000	0.002125
6.740000	0.001978
6.750000	0.001840
6.760000	0.001711
6.770000	0.001591
6.780000	0.001478
6.790000	0.001373
6.800000	0.001275
6.810000	0.001183
6.820000	0.001098
6.830000	0.001018
6.840000	0.000944
6.850000	0.000875
6.860000	0.000810
6.870000	0.000750
6.880000	0.000694
6.890000	0.000642
6.900000	0.000594
6.910000	0.000549
6.920000	0.000508
6.930000	0.000469
6.940000	0.000433
6.950000	0.000400
6.960000	0.000369
6.970000	0.000340
6.980000	0.000314
6.990000	0.000289
7.000000	0.000266
7.010000	0.000245
7.020000	0.000226
7.030000	0.000208
7.040000	0.000191
7.050000	0.000176
7.060000	0.000161
7.070000	0.000148
7.080000	0.000136
7.090000	0.000125
7.100000	0.000115
7.110000	0.000105
7.120000	0.000097
7.130000	0.000089
7.140000	0.000081
7.150000	0.000074
7.160000	0.000068
7.170000	0.000062
7.180000	0.000057
7.190000	0.000052
7.200000	0.000048
7.210000	0.000044
7.220000	0.000040
7.230000	0.000036
7.240000	0.000033
7.250000	0.000030
7.260000	0.000028
7.270000	0.000025
7.280000	0.000023
7.290000	0.000021
7.300000	0.000019
7.310000	0.000018
7.320000	0.000016
7.330000	0.000015
7.340000	0.000013
7.350000	0.000012
7.360000	0.000011
7.370000	0.000010
7.380000	0.000009
7.390000	0.000008
7.400000	0.000008
7.410000	0.000007
7.420000	0.000006
7.430000	0.000006
7.440000	0.000005
7.450000	0.000005
7.460000	0.000004
7.470000	0.000004
7.480000	0.000004
7.490000	0.000003
7.500000	0.000003
7.510000	0.000003
7.520000	0.000002
7.530000	0.000002
7.540000	0.000002
7.550000	0.000002
7.560000	0.000002
7.570000	0.000001
7.580000	0.000001
7.590000	0.000001
7.600000	0.000001
7.610000	0.000001
7.620000	0.000001
7.630000	0.000001
7.640000	0.000001
7.650000	0.000001
7.660000	0.000001
7.670000	0.000001
7.680000	0.000001
7.690000	0.000000
7.700000	0.000000
7.710000	0.000000
7.720000	0.000000
7.730000	0.000000
7.740000	0.000000
7.750000	0.000000
7.760000	0.000000
7.770000	0.000000
7.780000	0.000000
7.790000	0.000000
7.800000	0.000000
7.810000	0.000000
7.820000	0.000000
7.830000	0.000000
7.840000	0.000000
7.850000	0.000000
7.860000	0.000000
7.870000	0.000000
7.880000	0.000000
7.890000	0.000000
7.900000	0.000000
7.910000	0.000000
7.920000	0.000000
7.930000	0.000000
7.940000	0.000000
7.950000	0.000000
7.960000	0.000000
7.970000	0.000000
7.980000	0.000000
7.990000	0.000000
8.000000	0.000000
