1.000000	0.000000
1.010000	0.000000
1.020000	0.000000
1.030000	0.000000
1.040000	0.000000
1.050000	0.000000
1.060000	0.000000
1.070000	0.000000
1.080000	0.000000
1.090000	0.000000
1.100000	0.000000
1.110000	0.000000
1.120000	0.000000
1.130000	0.000000
1.140000	0.000000
1.150000	0.000000
1.160000	0.000000
1.170000	0.000001
1.180000	0.000001
1.190000	0.000001
1.200000	0.000001
1.210000	0.000001
1.220000	0.000001
1.230000	0.000002
1.240000	0.000002
1.250000	0.000002
1.260000	0.000003
1.270000	0.000003
1.280000	0.000004
1.290000	0.000004
1.300000	0.000005
1.310000	0.000006
1.320000	0.000007
1.330000	0.000008
1.340000	0.000010
1.350000	0.000012
1.360000	0.000014
1.370000	0.000016
1.380000	0.000019
1.390000	0.000022
1.400000	0.000025
1.410000	0.000030
1.420000	0.000034
1.430000	0.000040
1.440000	0.000046
1.450000	0.000054
1.460000	0.000062
1.470000	0.000072
1.480000	0.000083
1.490000	0.000096
1.500000	0.000111
1.510000	0.000128
1.520000	0.000147
1.530000	0.000169
1.540000	0.000195
1.550000	0.000223
1.560000	0.000256
1.570000	0.000293
1.580000	0.000335
1.590000	0.000382
1.600000	0.000436
1.610000	0.000497
1.620000	0.000566
1.630000	0.000643
1.640000	0.000730
1.650000	0.000828
1.660000	0.000939
1.670000	0.001063
1.680000	0.001201
1.690000	0.001357
1.700000	0.001531
1.710000	0.001725
1.720000	0.001942
1.730000	0.002183
1.740000	0.002452
1.750000	0.002751
1.760000	0.003083
1.770000	0.003451
1.780000	0.003859
1.790000	0.004310
1.800000	0.004808
1.810000	0.005358
1.820000	0.005965
1.830000	0.006633
1.840000	0.007367
1.850000	0.008174
1.860000	0.009059
1.870000	0.010029
1.880000	0.011090
1.890000	0.012250
1.900000	0.013516
1.910000	0.014896
1.920000	0.016399
1.930000	0.018034
1.940000	0.019809
1.950000	0.021735
1.960000	0.023822
1.970000	0.026081
1.980000	0.028522
1.990000	0.031156
2.000000	0.033997
2.010000	0.037055
2.020000	0.040343
2.030000	0.043874
2.040000	0.047661
2.050000	0.051718
2.060000	0.056057
2.070000	0.060694
2.080000	0.065640
2.090000	0.070912
2.100000	0.076521
2.110000	0.082482
2.120000	0.088809
2.130000	0.095515
2.140000	0.102614
2.150000	0.110118
2.160000	0.118039
2.170000	0.126389
2.180000	0.135180
2.190000	0.144421
2.200000	0.154124
2.210000	0.164295
2.220000	0.174943
2.230000	0.186074
2.240000	0.197694
2.250000	0.209806
2.260000	0.222413
2.270000	0.235516
2.280000	0.249113
2.290000	0.263204
2.300000	0.277782
2.310000	0.292842
2.320000	0.308376
2.330000	0.324373
2.340000	0.340821
2.350000	0.357705
2.360000	0.375009
2.370000	0.392714
2.380000	0.410797
2.390000	0.429236
2.400000	0.448005
2.410000	0.467075
2.420000	0.486417
2.430000	0.505996
2.440000	0.525779
2.450000	0.545729
2.460000	0.565807
2.470000	0.585972
2.480000	0.606182
2.490000	0.626393
2.500000	0.646558
2.510000	0.666632
2.520000	0.686565
2.530000	0.706310
2.540000	0.725815
2.550000	0.745031
2.560000	0.763906
2.570000	0.782390
2.580000	0.800431
2.590000	0.817978
2.600000	0.834982
2.610000	0.851393
2.620000	0.867162
2.630000	0.882243
2.640000	0.896589
2.650000	0.910157
2.660000	0.922904
2.670000	0.934790
2.680000	0.945778
2.690000	0.955833
2.700000	0.964921
2.710000	0.973014
2.720000	0.980086
2.730000	0.986112
2.740000	0.991074
2.750000	0.994955
2.760000	0.997742
2.770000	0.999425
2.780000	1.000000
2.790000	0.999464
2.800000	0.997818
2.810000	0.995070
2.820000	0.991226
2.830000	0.986301
2.840000	0.980311
2.850000	0.973275
2.860000	0.965217
2.870000	0.956162
2.880000	0.946141
2.890000	0.935184
2.900000	0.923328
2.910000	0.910611
2.920000	0.897070
2.930000	0.882750
2.940000	0.867694
2.950000	0.851948
2.960000	0.835558
2.970000	0.818574
2.980000	0.801044
2.990000	0.783019
3.000000	0.764550
3.010000	0.745688
3.020000	0.726483
3.030000	0.706987
3.040000	0.687250
3.050000	0.667322
3.060000	0.647252
3.070000	0.627089
3.080000	0.606879
3.090000	0.586669
3.100000	0.566501
3.110000	0.546420
3.120000	0.526465
3.130000	0.506675
3.140000	0.487088
3.150000	0.467738
3.160000	0.448658
3.170000	0.429878
3.180000	0.411427
3.190000	0.393331
3.200000	0.375613
3.210000	0.358295
3.220000	0.341396
3.230000	0.324932
3.240000	0.308920
3.250000	0.293370
3.260000	0.278293
3.270000	0.263698
3.280000	0.249591
3.290000	0.235976
3.300000	0.222857
3.310000	0.210233
3.320000	0.198103
3.330000	0.186467
3.340000	0.175319
3.350000	0.164654
3.360000	0.154467
3.370000	0.144748
3.380000	0.135491
3.390000	0.126685
3.400000	0.118319
3.410000	0.110384
3.420000	0.102866
3.430000	0.095754
3.440000	0.089034
3.450000	0.082694
3.460000	0.076720
3.470000	0.071099
3.480000	0.065817
3.490000	0.060859
3.500000	0.056212
3.510000	0.051863
3.520000	0.047796
3.530000	0.044000
3.540000	0.040460
3.550000	0.037164
3.560000	0.034098
3.570000	0.031251
3.580000	0.028609
3.590000	0.026162
3.600000	0.023897
3.610000	0.021805
3.620000	0.019873
3.630000	0.018092
3.640000	0.016453
3.650000	0.014946
3.660000	0.013561
3.670000	0.012291
3.680000	0.011128
3.690000	0.010064
3.700000	0.009091
3.710000	0.008203
3.720000	0.007394
3.730000	0.006657
3.740000	0.005987
3.750000	0.005378
3.760000	0.004826
3.770000	0.004326
3.780000	0.003873
3.790000	0.003464
3.800000	0.003095
3.810000	0.002762
3.820000	0.002462
3.830000	0.002192
3.840000	0.001949
3.850000	0.001732
3.860000	0.001537
3.870000	0.001362
3.880000	0.001206
3.890000	0.001067
3.900000	0.000943
3.910000	0.000832
3.920000	0.000733
3.930000	0.000646
3.940000	0.000568
3.950000	0.000499
3.960000	0.000438
3.970000	0.000384
3.980000	0.000336
3.990000	0.000294
4.000000	0.000257
4.010000	0.000224
4.020000	0.000196
4.030000	0.000170
4.040000	0.000148
4.050000	0.000129
4.060000	0.000112
4.070000	0.000097
4.080000	0.000084
4.090000	0.000073
4.100000	0.000063
4.110000	0.000054
4.120000	0.000047
4.130000	0.000040
4.140000	0.000035
4.150000	0.000030
4.160000	0.000025
4.170000	0.000022
4.180000	0.000019
4.190000	0.000016
4.200000	0.000014
4.210000	0.000012
4.220000	0.000010
4.230000	0.000008
4.240000	0.000007
4.250000	0.000006
4.260000	0.000005
4.270000	0.000004
4.280000	0.000004
4.290000	0.000003
4.300000	0.000003
4.310000	0.000002
4.320000	0.000002
4.330000	0.000002
4.340000	0.000001
4.350000	0.000001
4.360000	0.000001
4.370000	0.000001
4.380000	0.000001
4.390000	0.000001
4.400000	0.000000
4.410000	0.000000
4.420000	0.000000
4.430000	0.000000
4.440000	0.000000
4.450000	0.000000
4.460000	0.000000
4.470000	0.000000
4.480000	0.000000
4.490000	0.000000
4.500000	0.000000
4.510000	0.000000
4.520000	0.000000
4.530000	0.000000
4.540000	0.000000
4.550000	0.000000
4.560000	0.000000
4.570000	0.000000
4.580000	0.000000
4.590000	0.000000
4.600000	0.000000
4.610000	0.000000
4.620000	0.000000
4.630000	0.000000
4.640000	0.000000
4.650000	0.000000
4.660000	0.000000
4.670000	0.000000
4.680000	0.000000
4.690000	0.000000
4.700000	0.000000
4.710000	0.000000
4.720000	0.000000
4.730000	0.000000
4.740000	0.000000
4.750000	0.000000
4.760000	0.000000
4.770000	0.000000
4.780000	0.000000
4.790000	0.000000
4.800000	0.000000
4.810000	0.000000
4.820000	0.000000
4.830000	0.000000
4.840000	0.000000
4.850000	0.000000
4.860000	0.000000
4.870000	0.000000
4.880000	0.000000
4.890000	0.000000
4.900000	0.000000
4.910000	0.000000
4.920000	0.000000
4.930000	0.000000
4.940000	0.000000
4.950000	0.000000
4.960000	0.000000
4.970000	0.000000
4.980000	0.000000
4.990000	0.000000
5.000000	0.000000
5.010000	0.000000
5.020000	0.000000
5.030000	0.000000
5.040000	0.000000
5.050000	0.000000
5.060000	0.000000
5.070000	0.000000
5.080000	0.000000
5.090000	0.000000
5.100000	0.000000
5.110000	0.000000
5.120000	0.000000
5.130000	0.000000
5.140000	0.000000
5.150000	0.000000
5.160000	0.000000
5.170000	0.000000
5.180000	0.000000
5.190000	0.000000
5.200000	0.000000
5.210000	0.000000
5.220000	0.000000
5.230000	0.000000
5.240000	0.000000
5.250000	0.000000
5.260000	0.000000
5.270000	0.000000
5.280000	0.000000
5.290000	0.000000
5.300000	0.000000
5.310000	0.000000
5.320000	0.000000
5.330000	0.000000
5.340000	0.000000
5.350000	0.000000
5.360000	0.000000
5.370000	0.000000
5.380000	0.000000
5.390000	0.000000
5.400000	0.000000
5.410000	0.000000
5.420000	0.000000
5.430000	0.000000
5.440000	0.000000
5.450000	0.000000
5.460000	0.000000
5.470000	0.000000
5.480000	0.000000
5.490000	0.000000
5.500000	0.000000
5.510000	0.000000
5.520000	0.000000
5.530000	0.000000
5.540000	0.000000
5.550000	0.000000
5.560000	0.000000
5.570000	0.000000
5.580000	0.000000
5.590000	0.000000
5.600000	0.000000
5.610000	0.000000
5.620000	0.000000
5.630000	0.000000
5.640000	0.000000
5.650000	0.000000
5.660000	0.000000
5.670000	0.000000
5.680000	0.000000
5.690000	0.000000
5.700000	0.000000
5.710000	0.000000
5.720000	0.000000
5.730000	0.000000
5.740000	0.000000
5.750000	0.000000
5.760000	0.000000
5.770000	0.000000
5.780000	0.000000
5.790000	0.000000
5.800000	0.000000
5.810000	0.000000
5.820000	0.000000
5.830000	0.000000
5.840000	0.000000
5.850000	0.000000
5.860000	0.000000
5.870000	0.000000
5.880000	0.000000
5.890000	0.000000
5.900000	0.000000
5.910000	0.000000
5.920000	0.000000
5.930000	0.000000
5.940000	0.000000
5.950000	0.000000
5.960000	0.000000
5.970000	0.000000
5.980000	0.000000
5.990000	0.000000
6.000000	0.000000
6.010000	0.000000
6.020000	0.000000
6.030000	0.000000
6.040000	0.000000
6.050000	0.000000
6.060000	0.000000
6.070000	0.000000
6.080000	0.000000
6.090000	0.000000
6.100000	0.000000
6.110000	0.000000
6.120000	0.000000
6.130000	0.000000
6.140000	0.000000
6.150000	0.000000
6.160000	0.000000
6.170000	0.000000
6.180000	0.000000
6.190000	0.000000
6.200000	0.000000
6.210000	0.000000
6.220000	0.000000
6.230000	0.000000
6.240000	0.000000
6.250000	0.000000
6.260000	0.000000
6.270000	0.000000
6.280000	0.000000
6.290000	0.000000
6.300000	0.000000
6.310000	0.000000
6.320000	0.000000
6.330000	0.000000
6.340000	0.000000
6.350000	0.000000
6.360000	0.000000
6.370000	0.000000
6.380000	0.000000
6.390000	0.000000
6.400000	0.000000
6.410000	0.000000
6.420000	0.000000
6.430000	0.000000
6.440000	0.000000
6.450000	0.000000
6.460000	0.000000
6.470000	0.000000
6.480000	0.000000
6.490000	0.000000
6.500000	0.000000
6.510000	0.000000
6.520000	0.000000
6.530000	0.000000
6.540000	0.000000
6.550000	0.000000
6.560000	0.000000
6.570000	0.000000
6.580000	0.000000
6.590000	0.000000
6.600000	0.000000
6.610000	0.000000
6.620000	0.000000
6.630000	0.000000
6.640000	0.000000
6.650000	0.000000
6.660000	0.000000
6.670000	0.000000
6.680000	0.000000
6.690000	0.000000
6.700000	0.000000
6.710000	0.000000
6.720000	0.000000
6.730000	0.000000
6.740000	0.000000
6.750000	0.000000
6.760000	0.000000
6.770000	0.000000
6.780000	0.000000
6.790000	0.000000
6.800000	0.000000
6.810000	0.000000
6.820000	0.000000
6.830000	0.000000
6.840000	0.000000
6.850000	0.000000
6.860000	0.000000
6.870000	0.000000
6.880000	0.000000
6.890000	0.000000
6.900000	0.000000
6.910000	0.000000
6.920000	0.000000
6.930000	0.000000
6.940000	0.000000
6.950000	0.000000
6.960000	0.000000
6.970000	0.000000
6.980000	0.000000
6.990000	0.000000
7.000000	0.000000
7.010000	0.000000
7.020000	0.000000
7.030000	0.000000
7.040000	0.000000
7.050000	0.000000
7.060000	0.000000
7.070000	0.000000
7.080000	0.000000
7.090000	0.000000
7.100000	0.000000
7.110000	0.000000
7.120000	0.000000
7.130000	0.000000
7.140000	0.000000
7.150000	0.000000
7.160000	0.000000
7.170000	0.000000
7.180000	0.000000
7.190000	0.000000
7.200000	0.000000
7.210000	0.000000
7.220000	0.000000
7.230000	0.000000
7.240000	0.000000
7.250000	0.000000
7.260000	0.000000
7.270000	0.000000
7.280000	0.000000
7.290000	0.000000
7.300000	0.000000
7.310000	0.000000
7.320000	0.000000
7.330000	0.000000
7.340000	0.000000
7.350000	0.000000
7.360000	0.000000
7.370000	0.000000
7.380000	0.000000
7.390000	0.000000
7.400000	0.000000
7.410000	0.000000
7.420000	0.000000
7.430000	0.000000
7.440000	0.000000
7.450000	0.000000
7.460000	0.000000
7.470000	0.000000
7.480000	0.000000
7.490000	0.000000
7.500000	0.000000
7.510000	0.000000
7.520000	0.000000
7.530000	0.000000
7.540000	0.000000
7.550000	0.000000
7.560000	0.000000
7.570000	0.000000
7.580000	0.000000
7.590000	0.000000
7.600000	0.000000
7.610000	0.000000
7.620000	0.000000
7.630000	0.000000
7.640000	0.000000
7.650000	0.000000
7.660000	0.000000
7.670000	0.000000
7.680000	0.000000
7.690000	0.000000
7.700000	0.000000
7.710000	0.000000
7.720000	0.000000
7.730000	0.000000
7.740000	0.000000
7.750000	0.000000
7.760000	0.000000
7.770000	0.000000
7.780000	0.000000
7.790000	0.000000
7.800000	0.000000
7.810000	0.000000
7.820000	0.000000
7.830000	0.000000
7.840000	0.000000
7.850000	0.000000
7.860000	0.000000
7.870000	0.000000
7.880000	0.000000
7.890000	0.000000
7.900000	0.000000
7.910000	0.000000
7.920000	0.000000
7.930000	0.000000
7.940000	0.000000
7.950000	0.000000
7.960000	0.000000
7.970000	0.000000
7.980000	0.000000
7.990000	0.000000
8.000000	0.000000
