1.000000	0.009084
1.010000	0.009291
1.020000	0.009502
1.030000	0.009717
1.040000	0.009936
1.050000	0.010159
1.060000	0.010386
1.070000	0.010618
1.080000	0.010853
1.090000	0.011093
1.100000	0.011337
1.110000	0.011586
1.120000	0.011839
1.130000	0.012096
1.140000	0.012358
1.150000	0.012625
1.160000	0.012897
1.170000	0.013173
1.180000	0.013454
1.190000	0.013739
1.200000	0.014030
1.210000	0.014325
1.220000	0.014626
1.230000	0.014931
1.240000	0.015242
1.250000	0.015558
1.260000	0.015879
1.270000	0.016205
1.280000	0.016537
1.290000	0.016874
1.300000	0.017216
1.310000	0.017564
1.320000	0.017917
1.330000	0.018276
1.340000	0.018641
1.350000	0.019011
1.360000	0.019387
1.370000	0.019768
1.380000	0.020156
1.390000	0.020549
1.400000	0.020948
1.410000	0.021354
1.420000	0.021765
1.430000	0.022182
1.440000	0.022605
1.450000	0.023035
1.460000	0.023470
1.470000	0.023912
1.480000	0.024360
1.490000	0.024815
1.500000	0.025275
1.510000	0.025743
1.520000	0.026216
1.530000	0.026696
1.540000	0.027183
1.550000	0.027676
1.560000	0.028175
1.570000	0.028681
1.580000	0.029194
1.590000	0.029714
1.600000	0.030240
1.610000	0.030773
1.620000	0.031312
1.630000	0.031859
1.640000	0.032412
1.650000	0.032972
1.660000	0.033539
1.670000	0.034113
1.680000	0.034693
1.690000	0.035281
1.700000	0.035875
1.710000	0.036477
1.720000	0.037085
1.730000	0.037700
1.740000	0.038322
1.750000	0.038952
1.760000	0.039588
1.770000	0.040231
1.780000	0.040881
1.790000	0.041539
1.800000	0.042203
1.810000	0.042874
1.820000	0.043552
1.830000	0.044238
1.840000	0.044930
1.850000	0.045629
1.860000	0.046335
1.870000	0.047048
1.880000	0.047768
1.890000	0.048495
1.900000	0.049229
1.910000	0.049970
1.920000	0.050718
1.930000	0.051472
1.940000	0.052233
1.950000	0.053001
1.960000	0.053776
1.970000	0.054558
1.980000	0.055346
1.990000	0.056141
2.000000	0.056942
2.010000	0.057750
2.020000	0.058565
2.030000	0.059386
2.040000	0.060214
2.050000	0.061047
2.060000	0.061888
2.070000	0.062734
2.080000	0.063587
2.090000	0.064446
2.100000	0.065310
2.110000	0.066181
2.120000	0.067058
2.130000	0.067941
2.140000	0.068829
2.150000	0.069724
2.160000	0.070624
2.170000	0.071529
2.180000	0.072440
2.190000	0.073357
2.200000	0.074278
2.210000	0.075205
2.220000	0.076137
2.230000	0.077075
2.240000	0.078017
2.250000	0.078964
2.260000	0.079915
2.270000	0.080872
2.280000	0.081832
2.290000	0.082798
2.300000	0.083767
2.310000	0.084741
2.320000	0.085719
2.330000	0.086701
2.340000	0.087687
2.350000	0.088676
2.360000	0.089669
2.370000	0.090665
2.380000	0.091665
2.390000	0.092668
2.400000	0.093674
2.410000	0.094683
2.420000	0.095695
2.430000	0.096710
2.440000	0.097727
2.450000	0.098746
2.460000	0.099767
2.470000	0.100791
2.480000	0.101816
2.490000	0.102844
2.500000	0.103872
2.510000	0.104903
2.520000	0.105934
2.530000	0.106967
2.540000	0.108000
2.550000	0.109035
2.560000	0.110070
2.570000	0.111105
2.580000	0.112141
2.590000	0.113177
2.600000	0.114213
2.610000	0.115248
2.620000	0.116283
2.630000	0.117318
2.640000	0.118352
2.650000	0.119385
2.660000	0.120417
2.670000	0.121447
2.680000	0.122476
2.690000	0.123504
2.700000	0.124529
2.710000	0.125553
2.720000	0.126574
2.730000	0.127594
2.740000	0.128610
2.750000	0.129625
2.760000	0.130636
2.770000	0.131644
2.780000	0.132650
2.790000	0.133652
2.800000	0.134650
2.810000	0.135646
2.820000	0.136637
2.830000	0.137625
2.840000	0.138609
2.850000	0.139590
2.860000	0.140566
2.870000	0.141539
2.880000	0.142507
2.890000	0.143472
2.900000	0.144433
2.910000	0.145390
2.920000	0.146343
2.930000	0.147293
2.940000	0.148240
2.950000	0.149183
2.960000	0.150124
2.970000	0.151062
2.980000	0.151998
2.990000	0.152933
3.000000	0.153867
3.010000	0.154801
3.020000	0.155735
3.030000	0.156670
3.040000	0.157608
3.050000	0.158550
3.060000	0.159496
3.070000	0.160448
3.080000	0.161408
3.090000	0.162378
3.100000	0.163359
3.110000	0.164353
3.120000	0.165363
3.130000	0.166391
3.140000	0.167440
3.150000	0.168513
3.160000	0.169614
3.170000	0.170746
3.180000	0.171913
3.190000	0.173118
3.200000	0.174368
3.210000	0.175666
3.220000	0.177018
3.230000	0.178429
3.240000	0.179906
3.250000	0.181455
3.260000	0.183083
3.270000	0.184796
3.280000	0.186604
3.290000	0.188514
3.300000	0.190535
3.310000	0.192675
3.320000	0.194945
3.330000	0.197353
3.340000	0.199912
3.350000	0.202630
3.360000	0.205520
3.370000	0.208594
3.380000	0.211862
3.390000	0.215338
3.400000	0.219034
3.410000	0.222963
3.420000	0.227138
3.430000	0.231573
3.440000	0.236280
3.450000	0.241273
3.460000	0.246565
3.470000	0.252171
3.480000	0.258103
3.490000	0.264374
3.500000	0.270997
3.510000	0.277984
3.520000	0.285346
3.530000	0.293096
3.540000	0.301244
3.550000	0.309798
3.560000	0.318769
3.570000	0.328162
3.580000	0.337986
3.590000	0.348246
3.600000	0.358944
3.610000	0.370084
3.620000	0.381667
3.630000	0.393691
3.640000	0.406155
3.650000	0.419052
3.660000	0.432378
3.670000	0.446122
3.680000	0.460275
3.690000	0.474823
3.700000	0.489752
3.710000	0.505043
3.720000	0.520677
3.730000	0.536631
3.740000	0.552882
3.750000	0.569401
3.760000	0.586160
3.770000	0.603127
3.780000	0.620269
3.790000	0.637549
3.800000	0.654930
3.810000	0.672372
3.820000	0.689833
3.830000	0.707270
3.840000	0.724637
3.850000	0.741890
3.860000	0.758980
3.870000	0.775860
3.880000	0.792480
3.890000	0.808791
3.900000	0.824742
3.910000	0.840286
3.920000	0.855371
3.930000	0.869948
3.940000	0.883971
3.950000	0.897390
3.960000	0.910160
3.970000	0.922236
3.980000	0.933576
3.990000	0.944139
4.000000	0.953886
4.010000	0.962780
4.020000	0.970789
4.030000	0.977883
4.040000	0.984032
4.050000	0.989214
4.060000	0.993407
4.070000	0.996594
4.080000	0.998762
4.090000	0.999899
4.100000	1.000000
4.110000	0.999062
4.120000	0.997087
4.130000	0.994080
4.140000	0.990049
4.150000	0.985007
4.160000	0.978971
4.170000	0.971961
4.180000	0.963998
4.190000	0.955111
4.200000	0.945329
4.210000	0.934684
4.220000	0.923213
4.230000	0.910951
4.240000	0.897941
4.250000	0.884225
4.260000	0.869846
4.270000	0.854850
4.280000	0.839285
4.290000	0.823199
4.300000	0.806641
4.310000	0.789661
4.320000	0.772308
4.330000	0.754633
4.340000	0.736685
4.350000	0.718515
4.360000	0.700170
4.370000	0.681699
4.380000	0.663150
4.390000	0.644566
4.400000	0.625993
4.410000	0.607473
4.420000	0.589047
4.430000	0.570753
4.440000	0.552630
4.450000	0.534711
4.460000	0.517030
4.470000	0.499616
4.480000	0.482497
4.490000	0.465700
4.500000	0.449248
4.510000	0.433162
4.520000	0.417460
4.530000	0.402159
4.540000	0.387273
4.550000	0.372813
4.560000	0.358790
4.570000	0.345211
4.580000	0.332081
4.590000	0.319404
4.600000	0.307182
4.610000	0.295415
4.620000	0.284101
4.630000	0.273237
4.640000	0.262818
4.650000	0.252838
4.660000	0.243291
4.670000	0.234168
4.680000	0.225461
4.690000	0.217158
4.700000	0.209249
4.710000	0.201723
4.720000	0.194568
4.730000	0.187772
4.740000	0.181321
4.750000	0.175202
4.760000	0.169403
4.770000	0.163910
4.780000	0.158710
4.790000	0.153789
4.800000	0.149134
4.810000	0.144732
4.820000	0.140570
4.830000	0.136635
4.840000	0.132916
4.850000	0.129399
4.860000	0.126074
4.870000	0.122929
4.880000	0.119952
4.890000	0.117134
4.900000	0.114465
4.910000	0.111934
4.920000	0.109533
4.930000	0.107253
4.940000	0.105085
4.950000	0.103021
4.960000	0.101055
4.970000	0.099178
4.980000	0.097385
4.990000	0.095669
5.000000	0.094024
5.010000	0.092446
5.020000	0.090928
5.030000	0.089466
5.040000	0.088055
5.050000	0.086692
5.060000	0.085373
5.070000	0.084095
5.080000	0.082853
5.090000	0.081646
5.100000	0.080470
5.110000	0.079323
5.120000	0.078203
5.130000	0.077107
5.140000	0.076034
5.150000	0.074983
5.160000	0.073950
5.170000	0.072936
5.180000	0.071939
5.190000	0.070958
5.200000	0.069991
5.210000	0.069038
5.220000	0.068098
5.230000	0.067171
5.240000	0.066255
5.250000	0.065349
5.260000	0.064455
5.270000	0.063570
5.280000	0.062695
5.290000	0.061829
5.300000	0.060973
5.310000	0.060125
5.320000	0.059285
5.330000	0.058454
5.340000	0.057630
5.350000	0.056815
5.360000	0.056007
5.370000	0.055207
5.380000	0.054415
5.390000	0.053630
5.400000	0.052853
5.410000	0.052082
5.420000	0.051320
5.430000	0.050564
5.440000	0.049816
5.450000	0.049075
5.460000	0.048341
5.470000	0.047614
5.480000	0.046894
5.490000	0.046181
5.500000	0.045476
5.510000	0.044778
5.520000	0.044086
5.530000	0.043402
5.540000	0.042725
5.550000	0.042055
5.560000	0.041392
5.570000	0.040736
5.580000	0.040087
5.590000	0.039446
5.600000	0.038811
5.610000	0.038183
5.620000	0.037562
5.630000	0.036948
5.640000	0.036341
5.650000	0.035742
5.660000	0.035149
5.670000	0.034563
5.680000	0.033984
5.690000	0.033411
5.700000	0.032846
5.710000	0.032287
5.720000	0.031736
5.730000	0.031191
5.740000	0.030653
5.750000	0.030121
5.760000	0.029597
5.770000	0.029079
5.780000	0.028567
5.790000	0.028063
5.800000	0.027565
5.810000	0.027073
5.820000	0.026588
5.830000	0.026109
5.840000	0.025637
5.850000	0.025172
5.860000	0.024712
5.870000	0.024259
5.880000	0.023813
5.890000	0.023372
5.900000	0.022938
5.910000	0.022510
5.920000	0.022088
5.930000	0.021672
5.940000	0.021262
5.950000	0.020858
5.960000	0.020460
5.970000	0.020068
5.980000	0.019682
5.990000	0.019302
6.000000	0.018927
6.010000	0.018558
6.020000	0.018195
6.030000	0.017838
6.040000	0.017485
6.050000	0.017139
6.060000	0.016798
6.070000	0.016462
6.080000	0.016132
6.090000	0.015807
6.100000	0.015487
6.110000	0.015172
6.120000	0.014862
6.130000	0.014558
6.140000	0.014259
6.150000	0.013964
6.160000	0.013675
6.170000	0.013390
6.180000	0.013110
6.190000	0.012835
6.200000	0.012565
6.210000	0.012299
6.220000	0.012038
6.230000	0.011782
6.240000	0.011530
6.250000	0.011282
6.260000	0.011039
6.270000	0.010800
6.280000	0.010565
6.290000	0.010335
6.300000	0.010109
6.310000	0.009887
6.320000	0.009669
6.330000	0.009455
6.340000	0.009244
6.350000	0.009038
6.360000	0.008836
6.370000	0.008637
6.380000	0.008443
6.390000	0.008252
6.400000	0.008064
6.410000	0.007880
6.420000	0.007700
6.430000	0.007523
6.440000	0.007350
6.450000	0.007180
6.460000	0.007013
6.470000	0.006850
6.480000	0.006690
6.490000	0.006533
6.500000	0.006379
6.510000	0.006228
6.520000	0.006081
6.530000	0.005936
6.540000	0.005795
6.550000	0.005656
6.560000	0.005520
6.570000	0.005387
6.580000	0.005256
6.590000	0.005129
6.600000	0.005004
6.610000	0.004881
6.620000	0.004762
6.630000	0.004645
6.640000	0.004530
6.650000	0.004418
6.660000	0.004308
6.670000	0.004200
6.680000	0.004095
6.690000	0.003992
6.700000	0.003892
6.710000	0.003794
6.720000	0.003697
6.730000	0.003603
6.740000	0.003511
6.750000	0.003422
6.760000	0.003334
6.770000	0.003248
6.780000	0.003164
6.790000	0.003082
6.800000	0.003002
6.810000	0.002923
6.820000	0.002847
6.830000	0.002772
6.840000	0.002699
6.850000	0.002628
6.860000	0.002558
6.870000	0.002490
6.880000	0.002424
6.890000	0.002359
6.900000	0.002296
6.910000	0.002234
6.920000	0.002174
6.930000	0.002115
6.940000	0.002057
6.950000	0.002001
6.960000	0.001947
6.970000	0.001893
6.980000	0.001841
6.990000	0.001790
7.000000	0.001741
7.010000	0.001693
7.020000	0.001646
7.030000	0.001600
7.040000	0.001555
7.050000	0.001511
7.060000	0.001469
7.070000	0.001427
7.080000	0.001387
7.090000	0.001347
7.100000	0.001309
7.110000	0.001272
7.120000	0.001235
7.130000	0.001200
7.140000	0.001165
7.150000	0.001132
7.160000	0.001099
7.170000	0.001067
7.180000	0.001036
7.190000	0.001006
7.200000	0.000976
7.210000	0.000947
7.220000	0.000920
7.230000	0.000892
7.240000	0.000866
7.250000	0.000840
7.260000	0.000815
7.270000	0.000791
7.280000	0.000767
7.290000	0.000744
7.300000	0.000722
7.310000	0.000700
7.320000	0.000679
7.330000	0.000658
7.340000	0.000638
7.350000	0.000619
7.360000	0.000600
7.370000	0.000581
7.380000	0.000563
7.390000	0.000546
7.400000	0.000529
7.410000	0.000513
7.420000	0.000497
7.430000	0.000481
7.440000	0.000466
7.450000	0.000452
7.460000	0.000437
7.470000	0.000424
7.480000	0.000410
7.490000	0.000397
7.500000	0.000385
7.510000	0.000372
7.520000	0.000361
7.530000	0.000349
7.540000	0.000338
7.550000	0.000327
7.560000	0.000316
7.570000	0.000306
7.580000	0.000296
7.590000	0.000287
7.600000	0.000277
7.610000	0.000268
7.620000	0.000259
7.630000	0.000251
7.640000	0.000243
7.650000	0.000235
7.660000	0.000227
7.670000	0.000219
7.680000	0.000212
7.690000	0.000205
7.700000	0.000198
7.710000	0.000192
7.720000	0.000185
7.730000	0.000179
7.740000	0.000173
7.750000	0.000167
7.760000	0.000161
7.770000	0.000156
7.780000	0.000151
7.790000	0.000145
7.800000	0.000141
7.810000	0.000136
7.820000	0.000131
7.830000	0.000127
7.840000	0.000122
7.850000	0.000118
7.860000	0.000114
7.870000	0.000110
7.880000	0.000106
7.890000	0.000102
7.900000	0.000099
7.910000	0.000095
7.920000	0.000092
7.930000	0.000089
7.940000	0.000086
7.950000	0.000083
7.960000	0.000080
7.970000	0.000077
7.980000	0.000074
7.990000	0.000071
8.000000	0.000069
