1.000000	0.004186
1.010000	0.004278
1.020000	0.004371
1.030000	0.004466
1.040000	0.004562
1.050000	0.004660
1.060000	0.004760
1.070000	0.004861
1.080000	0.004964
1.090000	0.005068
1.100000	0.005174
1.110000	0.005281
1.120000	0.005390
1.130000	0.005501
1.140000	0.005613
1.150000	0.005727
1.160000	0.005842
1.170000	0.005960
1.180000	0.006079
1.190000	0.006199
1.200000	0.006321
1.210000	0.006445
1.220000	0.006571
1.230000	0.006698
1.240000	0.006827
1.250000	0.006957
1.260000	0.007090
1.270000	0.007224
1.280000	0.007359
1.290000	0.007496
1.300000	0.007635
1.310000	0.007776
1.320000	0.007919
1.330000	0.008063
1.340000	0.008208
1.350000	0.008356
1.360000	0.008505
1.370000	0.008656
1.380000	0.008808
1.390000	0.008962
1.400000	0.009118
1.410000	0.009275
1.420000	0.009434
1.430000	0.009595
1.440000	0.009757
1.450000	0.009921
1.460000	0.010086
1.470000	0.010253
1.480000	0.010422
1.490000	0.010592
1.500000	0.010764
1.510000	0.010937
1.520000	0.011112
1.530000	0.011288
1.540000	0.011466
1.550000	0.011645
1.560000	0.011825
1.570000	0.012007
1.580000	0.012191
1.590000	0.012376
1.600000	0.012562
1.610000	0.012749
1.620000	0.012938
1.630000	0.013128
1.640000	0.013320
1.650000	0.013512
1.660000	0.013706
1.670000	0.013901
1.680000	0.014097
1.690000	0.014295
1.700000	0.014493
1.710000	0.014693
1.720000	0.014893
1.730000	0.015095
1.740000	0.015297
1.750000	0.015501
1.760000	0.015705
1.770000	0.015910
1.780000	0.016116
1.790000	0.016323
1.800000	0.016531
1.810000	0.016739
1.820000	0.016948
1.830000	0.017158
1.840000	0.017368
1.850000	0.017579
1.860000	0.017790
1.870000	0.018002
1.880000	0.018214
1.890000	0.018427
1.900000	0.018640
1.910000	0.018853
1.920000	0.019066
1.930000	0.019280
1.940000	0.019494
1.950000	0.019708
1.960000	0.019922
1.970000	0.020136
1.980000	0.020350
1.990000	0.020564
2.000000	0.020778
2.010000	0.020992
2.020000	0.021205
2.030000	0.021418
2.040000	0.021631
2.050000	0.021843
2.060000	0.022055
2.070000	0.022267
2.080000	0.022477
2.090000	0.022688
2.100000	0.022897
2.110000	0.023106
2.120000	0.023314
2.130000	0.023522
2.140000	0.023728
2.150000	0.023934
2.160000	0.024138
2.170000	0.024342
2.180000	0.024544
2.190000	0.024745
2.200000	0.024945
2.210000	0.025144
2.220000	0.025342
2.230000	0.025538
2.240000	0.025732
2.250000	0.025925
2.260000	0.026117
2.270000	0.026307
2.280000	0.026495
2.290000	0.026682
2.300000	0.026867
2.310000	0.027050
2.320000	0.027231
2.330000	0.027410
2.340000	0.027587
2.350000	0.027762
2.360000	0.027936
2.370000	0.028106
2.380000	0.028275
2.390000	0.028442
2.400000	0.028606
2.410000	0.028768
2.420000	0.028927
2.430000	0.029084
2.440000	0.029239
2.450000	0.029391
2.460000	0.029540
2.470000	0.029687
2.480000	0.029831
2.490000	0.029972
2.500000	0.030110
2.510000	0.030246
2.520000	0.030379
2.530000	0.030509
2.540000	0.030636
2.550000	0.030760
2.560000	0.030880
2.570000	0.030998
2.580000	0.031113
2.590000	0.031224
2.600000	0.031333
2.610000	0.031438
2.620000	0.031540
2.630000	0.031638
2.640000	0.031733
2.650000	0.031825
2.660000	0.031913
2.670000	0.031999
2.680000	0.032080
2.690000	0.032158
2.700000	0.032233
2.710000	0.032304
2.720000	0.032371
2.730000	0.032435
2.740000	0.032495
2.750000	0.032552
2.760000	0.032605
2.770000	0.032654
2.780000	0.032700
2.790000	0.032742
2.800000	0.032780
2.810000	0.032815
2.820000	0.032846
2.830000	0.032873
2.840000	0.032896
2.850000	0.032916
2.860000	0.032932
2.870000	0.032944
2.880000	0.032952
2.890000	0.032957
2.900000	0.032958
2.910000	0.032954
2.920000	0.032948
2.930000	0.032937
2.940000	0.032923
2.950000	0.032905
2.960000	0.032883
2.970000	0.032857
2.980000	0.032828
2.990000	0.032795
3.000000	0.032758
3.010000	0.032718
3.020000	0.032674
3.030000	0.032626
3.040000	0.032575
3.050000	0.032520
3.060000	0.032461
3.070000	0.032399
3.080000	0.032333
3.090000	0.032264
3.100000	0.032191
3.110000	0.032115
3.120000	0.032036
3.130000	0.031953
3.140000	0.031867
3.150000	0.031777
3.160000	0.031685
3.170000	0.031589
3.180000	0.031490
3.190000	0.031388
3.200000	0.031284
3.210000	0.031176
3.220000	0.031065
3.230000	0.030952
3.240000	0.030837
3.250000	0.030720
3.260000	0.030601
3.270000	0.030481
3.280000	0.030362
3.290000	0.030245
3.300000	0.030134
3.310000	0.030033
3.320000	0.029949
3.330000	0.029893
3.340000	0.029881
3.350000	0.029936
3.360000	0.030093
3.370000	0.030397
3.380000	0.030916
3.390000	0.031740
3.400000	0.032988
3.410000	0.034819
3.420000	0.037436
3.430000	0.041093
3.440000	0.046105
3.450000	0.052848
3.460000	0.061761
3.470000	0.073342
3.480000	0.088139
3.490000	0.106731
3.500000	0.129699
3.510000	0.157598
3.520000	0.190905
3.530000	0.229979
3.540000	0.274998
3.550000	0.325916
3.560000	0.382409
3.570000	0.443838
3.580000	0.509232
3.590000	0.577284
3.600000	0.646377
3.610000	0.714635
3.620000	0.779998
3.630000	0.840322
3.640000	0.893490
3.650000	0.937536
3.660000	0.970768
3.670000	0.991872
3.680000	1.000000
3.690000	0.994829
3.700000	0.976580
3.710000	0.946006
3.720000	0.904341
3.730000	0.853216
3.740000	0.794557
3.750000	0.730465
3.760000	0.663093
3.770000	0.594531
3.780000	0.526704
3.790000	0.461288
3.800000	0.399657
3.810000	0.342857
3.820000	0.291593
3.830000	0.246254
3.840000	0.206943
3.850000	0.173526
3.860000	0.145681
3.870000	0.122955
3.880000	0.104811
3.890000	0.090674
3.900000	0.079967
3.910000	0.072142
3.920000	0.066694
3.930000	0.063177
3.940000	0.061207
3.950000	0.060465
3.960000	0.060689
3.970000	0.061671
3.980000	0.063251
3.990000	0.065306
4.000000	0.067746
4.010000	0.070504
4.020000	0.073535
4.030000	0.076806
4.040000	0.080296
4.050000	0.083992
4.060000	0.087886
4.070000	0.091973
4.080000	0.096249
4.090000	0.100716
4.100000	0.105372
4.110000	0.110217
4.120000	0.115252
4.130000	0.120476
4.140000	0.125890
4.150000	0.131493
4.160000	0.137283
4.170000	0.143258
4.180000	0.149417
4.190000	0.155757
4.200000	0.162273
4.210000	0.168962
4.220000	0.175818
4.230000	0.182836
4.240000	0.190010
4.250000	0.197333
4.260000	0.204796
4.270000	0.212392
4.280000	0.220112
4.290000	0.227944
4.300000	0.235880
4.310000	0.243907
4.320000	0.252015
4.330000	0.260189
4.340000	0.268418
4.350000	0.276687
4.360000	0.284981
4.370000	0.293287
4.380000	0.301589
4.390000	0.309871
4.400000	0.318116
4.410000	0.326309
4.420000	0.334432
4.430000	0.342469
4.440000	0.350401
4.450000	0.358212
4.460000	0.365884
4.470000	0.373399
4.480000	0.380741
4.490000	0.387891
4.500000	0.394832
4.510000	0.401548
4.520000	0.408022
4.530000	0.414237
4.540000	0.420179
4.550000	0.425831
4.560000	0.431179
4.570000	0.436209
4.580000	0.440908
4.590000	0.445263
4.600000	0.449262
4.610000	0.452895
4.620000	0.456151
4.630000	0.459021
4.640000	0.461497
4.650000	0.463573
4.660000	0.465243
4.670000	0.466501
4.680000	0.467343
4.690000	0.467768
4.700000	0.467774
4.710000	0.467360
4.720000	0.466528
4.730000	0.465278
4.740000	0.463616
4.750000	0.461543
4.760000	0.459067
4.770000	0.456193
4.780000	0.452929
4.790000	0.449283
4.800000	0.445265
4.810000	0.440885
4.820000	0.436155
4.830000	0.431086
4.840000	0.425692
4.850000	0.419986
4.860000	0.413983
4.870000	0.407697
4.880000	0.401144
4.890000	0.394340
4.900000	0.387301
4.910000	0.380044
4.920000	0.372587
4.930000	0.364946
4.940000	0.357138
4.950000	0.349182
4.960000	0.341095
4.970000	0.332894
4.980000	0.324597
4.990000	0.316220
5.000000	0.307782
5.010000	0.299298
5.020000	0.290785
5.030000	0.282259
5.040000	0.273735
5.050000	0.265230
5.060000	0.256756
5.070000	0.248329
5.080000	0.239962
5.090000	0.231668
5.100000	0.223458
5.110000	0.215345
5.120000	0.207340
5.130000	0.199452
5.140000	0.191691
5.150000	0.184067
5.160000	0.176587
5.170000	0.169258
5.180000	0.162088
5.190000	0.155081
5.200000	0.148245
5.210000	0.141582
5.220000	0.135098
5.230000	0.128795
5.240000	0.122676
5.250000	0.116743
5.260000	0.110998
5.270000	0.105441
5.280000	0.100073
5.290000	0.094894
5.300000	0.089902
5.310000	0.085098
5.320000	0.080478
5.330000	0.076042
5.340000	0.071786
5.350000	0.067709
5.360000	0.063807
5.370000	0.060077
5.380000	0.056515
5.390000	0.053118
5.400000	0.049881
5.410000	0.046800
5.420000	0.043872
5.430000	0.041091
5.440000	0.038453
5.450000	0.035953
5.460000	0.033587
5.470000	0.031350
5.480000	0.029237
5.490000	0.027243
5.500000	0.025363
5.510000	0.023594
5.520000	0.021929
5.530000	0.020365
5.540000	0.018897
5.550000	0.017521
5.560000	0.016231
5.570000	0.015025
5.580000	0.013896
5.590000	0.012843
5.600000	0.011860
5.610000	0.010944
5.620000	0.010091
5.630000	0.009297
5.640000	0.008560
5.650000	0.007875
5.660000	0.007240
5.670000	0.006652
5.680000	0.006107
5.690000	0.005603
5.700000	0.005137
5.710000	0.004707
5.720000	0.004311
5.730000	0.003946
5.740000	0.003609
5.750000	0.003300
5.760000	0.003015
5.770000	0.002754
5.780000	0.002514
5.790000	0.002295
5.800000	0.002093
5.810000	0.001909
5.820000	0.001741
5.830000	0.001587
5.840000	0.001446
5.850000	0.001318
5.860000	0.001201
5.870000	0.001094
5.880000	0.000997
5.890000	0.000909
5.900000	0.000828
5.910000	0.000755
5.920000	0.000689
5.930000	0.000628
5.940000	0.000574
5.950000	0.000524
5.960000	0.000479
5.970000	0.000438
5.980000	0.000401
5.990000	0.000367
6.000000	0.000337
6.010000	0.000309
6.020000	0.000284
6.030000	0.000261
6.040000	0.000241
6.050000	0.000222
6.060000	0.000205
6.070000	0.000190
6.080000	0.000176
6.090000	0.000163
6.100000	0.000152
6.110000	0.000141
6.120000	0.000132
6.130000	0.000123
6.140000	0.000115
6.150000	0.000108
6.160000	0.000101
6.170000	0.000095
6.180000	0.000089
6.190000	0.000084
6.200000	0.000079
6.210000	0.000075
6.220000	0.000071
6.230000	0.000067
6.240000	0.000063
6.250000	0.000060
6.260000	0.000057
6.270000	0.000054
6.280000	0.000052
6.290000	0.000049
6.300000	0.000047
6.310000	0.000045
6.320000	0.000043
6.330000	0.000041
6.340000	0.000039
6.350000	0.000037
6.360000	0.000036
6.370000	0.000034
6.380000	0.000033
6.390000	0.000031
6.400000	0.000030
6.410000	0.000029
6.420000	0.000027
6.430000	0.000026
6.440000	0.000025
6.450000	0.000024
6.460000	0.000023
6.470000	0.000022
6.480000	0.000021
6.490000	0.000020
6.500000	0.000019
6.510000	0.000019
6.520000	0.000018
6.530000	0.000017
6.540000	0.000016
6.550000	0.000016
6.560000	0.000015
6.570000	0.000014
6.580000	0.000014
6.590000	0.000013
6.600000	0.000013
6.610000	0.000012
6.620000	0.000012
6.630000	0.000011
6.640000	0.000011
6.650000	0.000010
6.660000	0.000010
6.670000	0.000009
6.680000	0.000009
6.690000	0.000009
6.700000	0.000008
6.710000	0.000008
6.720000	0.000008
6.730000	0.000007
6.740000	0.000007
6.750000	0.000007
6.760000	0.000006
6.770000	0.000006
6.780000	0.000006
6.790000	0.000006
6.800000	0.000005
6.810000	0.000005
6.820000	0.000005
6.830000	0.000005
6.840000	0.000004
6.850000	0.000004
6.860000	0.000004
6.870000	0.000004
6.880000	0.000004
6.890000	0.000004
6.900000	0.000003
6.910000	0.000003
6.920000	0.000003
6.930000	0.000003
6.940000	0.000003
6.950000	0.000003
6.960000	0.000003
6.970000	0.000002
6.980000	0.000002
6.990000	0.000002
7.000000	0.000002
7.010000	0.000002
7.020000	0.000002
7.030000	0.000002
7.040000	0.000002
7.050000	0.000002
7.060000	0.000002
7.070000	0.000002
7.080000	0.000001
7.090000	0.000001
7.100000	0.000001
7.110000	0.000001
7.120000	0.000001
7.130000	0.000001
7.140000	0.000001
7.150000	0.000001
7.160000	0.000001
7.170000	0.000001
7.180000	0.000001
7.190000	0.000001
7.200000	0.000001
7.210000	0.000001
7.220000	0.000001
7.230000	0.000001
7.240000	0.000001
7.250000	0.000001
7.260000	0.000001
7.270000	0.000001
7.280000	0.000001
7.290000	0.000001
7.300000	0.000000
7.310000	0.000000
7.320000	0.000000
7.330000	0.000000
7.340000	0.000000
7.350000	0.000000
7.360000	0.000000
7.370000	0.000000
7.380000	0.000000
7.390000	0.000000
7.400000	0.000000
7.410000	0.000000
7.420000	0.000000
7.430000	0.000000
7.440000	0.000000
7.450000	0.000000
7.460000	0.000000
7.470000	0.000000
7.480000	0.000000
7.490000	0.000000
7.500000	0.000000
7.510000	0.000000
7.520000	0.000000
7.530000	0.000000
7.540000	0.000000
7.550000	0.000000
7.560000	0.000000
7.570000	0.000000
7.580000	0.000000
7.590000	0.000000
7.600000	0.000000
7.610000	0.000000
7.620000	0.000000
7.630000	0.000000
7.640000	0.000000
7.650000	0.000000
7.660000	0.000000
7.670000	0.000000
7.680000	0.000000
7.690000	0.000000
7.700000	0.000000
7.710000	0.000000
7.720000	0.000000
7.730000	0.000000
7.740000	0.000000
7.750000	0.000000
7.760000	0.000000
7.770000	0.000000
7.780000	0.000000
7.790000	0.000000
7.800000	0.000000
7.810000	0.000000
7.820000	0.000000
7.830000	0.000000
7.840000	0.000000
7.850000	0.000000
7.860000	0.000000
7.870000	0.000000
7.880000	0.000000
7.890000	0.000000
7.900000	0.000000
7.910000	0.000000
7.920000	0.000000
7.930000	0.000000
7.940000	0.000000
7.950000	0.000000
7.960000	0.000000
7.970000	0.000000
7.980000	0.000000
7.990000	0.000000
8.000000	0.000000
