1.000000	0.000000
1.010000	0.000000
1.020000	0.000000
1.030000	0.000000
1.040000	0.000000
1.050000	0.000000
1.060000	0.000000
1.070000	0.000000
1.080000	0.000000
1.090000	0.000000
1.100000	0.000000
1.110000	0.000000
1.120000	0.000000
1.130000	0.000000
1.140000	0.000000
1.150000	0.000000
1.160000	0.000000
1.170000	0.000000
1.180000	0.000000
1.190000	0.000000
1.200000	0.000000
1.210000	0.000000
1.220000	0.000000
1.230000	0.000000
1.240000	0.000000
1.250000	0.000000
1.260000	0.000000
1.270000	0.000000
1.280000	0.000000
1.290000	0.000000
1.300000	0.000000
1.310000	0.000000
1.320000	0.000000
1.330000	0.000000
1.340000	0.000000
1.350000	0.000000
1.360000	0.000000
1.370000	0.000000
1.380000	0.000000
1.390000	0.000000
1.400000	0.000000
1.410000	0.000000
1.420000	0.000000
1.430000	0.000000
1.440000	0.000000
1.450000	0.000000
1.460000	0.000000
1.470000	0.000000
1.480000	0.000000
1.490000	0.000000
1.500000	0.000000
1.510000	0.000000
1.520000	0.000000
1.530000	0.000000
1.540000	0.000000
1.550000	0.000000
1.560000	0.000000
1.570000	0.000000
1.580000	0.000000
1.590000	0.000000
1.600000	0.000000
1.610000	0.000000
1.620000	0.000000
1.630000	0.000000
1.640000	0.000000
1.650000	0.000000
1.660000	0.000000
1.670000	0.000000
1.680000	0.000000
1.690000	0.000000
1.700000	0.000000
1.710000	0.000000
1.720000	0.000000
1.730000	0.000000
1.740000	0.000000
1.750000	0.000000
1.760000	0.000000
1.770000	0.000000
1.780000	0.000000
1.790000	0.000000
1.800000	0.000000
1.810000	0.000000
1.820000	0.000000
1.830000	0.000000
1.840000	0.000000
1.850000	0.000000
1.860000	0.000000
1.870000	0.000000
1.880000	0.000000
1.890000	0.000000
1.900000	0.000000
1.910000	0.000000
1.920000	0.000000
1.930000	0.000000
1.940000	0.000000
1.950000	0.000000
1.960000	0.000000
1.970000	0.000000
1.980000	0.000000
1.990000	0.000000
2.000000	0.000000
2.010000	0.000000
2.020000	0.000000
2.030000	0.000000
2.040000	0.000000
2.050000	0.000000
2.060000	0.000000
2.070000	0.000000
2.080000	0.000000
2.090000	0.000000
2.100000	0.000000
2.110000	0.000000
2.120000	0.000000
2.130000	0.000000
2.140000	0.000000
2.150000	0.000000
2.160000	0.000000
2.170000	0.000000
2.180000	0.000000
2.190000	0.000000
2.200000	0.000000
2.210000	0.000000
2.220000	0.000000
2.230000	0.000000
2.240000	0.000000
2.250000	0.000000
2.260000	0.000000
2.270000	0.000000
2.280000	0.000000
2.290000	0.000000
2.300000	0.000000
2.310000	0.000000
2.320000	0.000000
2.330000	0.000000
2.340000	0.000000
2.350000	0.000000
2.360000	0.000000
2.370000	0.000000
2.380000	0.000000
2.390000	0.000000
2.400000	0.000000
2.410000	0.000000
2.420000	0.000000
2.430000	0.000000
2.440000	0.000000
2.450000	0.000000
2.460000	0.000000
2.470000	0.000000
2.480000	0.000000
2.490000	0.000000
2.500000	0.000000
2.510000	0.000001
2.520000	0.000001
2.530000	0.000001
2.540000	0.000001
2.550000	0.000001
2.560000	0.000001
2.570000	0.000001
2.580000	0.000002
2.590000	0.000002
2.600000	0.000002
2.610000	0.000003
2.620000	0.000003
2.630000	0.000004
2.640000	0.000005
2.650000	0.000006
2.660000	0.000007
2.670000	0.000008
2.680000	0.000009
2.690000	0.000011
2.700000	0.000013
2.710000	0.000015
2.720000	0.000017
2.730000	0.000020
2.740000	0.000024
2.750000	0.000027
2.760000	0.000032
2.770000	0.000037
2.780000	0.000043
2.790000	0.000050
2.800000	0.000058
2.810000	0.000067
2.820000	0.000078
2.830000	0.000090
2.840000	0.000104
2.850000	0.000120
2.860000	0.000138
2.870000	0.000158
2.880000	0.000182
2.890000	0.000209
2.900000	0.000240
2.910000	0.000274
2.920000	0.000314
2.930000	0.000359
2.940000	0.000409
2.950000	0.000467
2.960000	0.000531
2.970000	0.000604
2.980000	0.000687
2.990000	0.000780
3.000000	0.000884
3.010000	0.001001
3.020000	0.001132
3.030000	0.001280
3.040000	0.001444
3.050000	0.001628
3.060000	0.001834
3.070000	0.002063
3.080000	0.002319
3.090000	0.002603
3.100000	0.002918
3.110000	0.003268
3.120000	0.003656
3.130000	0.004086
3.140000	0.004561
3.150000	0.005086
3.160000	0.005665
3.170000	0.006303
3.180000	0.007004
3.190000	0.007775
3.200000	0.008622
3.210000	0.009550
3.220000	0.010566
3.230000	0.011677
3.240000	0.012891
3.250000	0.014215
3.260000	0.015657
3.270000	0.017227
3.280000	0.018934
3.290000	0.020786
3.300000	0.022794
3.310000	0.024969
3.320000	0.027320
3.330000	0.029860
3.340000	0.032599
3.350000	0.035550
3.360000	0.038726
3.370000	0.042138
3.380000	0.045800
3.390000	0.049725
3.400000	0.053926
3.410000	0.058418
3.420000	0.063213
3.430000	0.068326
3.440000	0.073770
3.450000	0.079560
3.460000	0.085708
3.470000	0.092230
3.480000	0.099137
3.490000	0.106444
3.500000	0.114162
3.510000	0.122303
3.520000	0.130880
3.530000	0.139903
3.540000	0.149382
3.550000	0.159326
3.560000	0.169743
3.570000	0.180640
3.580000	0.192023
3.590000	0.203897
3.600000	0.216265
3.610000	0.229129
3.620000	0.242487
3.630000	0.256340
3.640000	0.270683
3.650000	0.285512
3.660000	0.300818
3.670000	0.316593
3.680000	0.332825
3.690000	0.349501
3.700000	0.366604
3.710000	0.384118
3.720000	0.402021
3.730000	0.420292
3.740000	0.438905
3.750000	0.457833
3.760000	0.477048
3.770000	0.496516
3.780000	0.516206
3.790000	0.536080
3.800000	0.556101
3.810000	0.576229
3.820000	0.596423
3.830000	0.616639
3.840000	0.636832
3.850000	0.656956
3.860000	0.676963
3.870000	0.696805
3.880000	0.716432
3.890000	0.735794
3.900000	0.754840
3.910000	0.773519
3.920000	0.791780
3.930000	0.809572
3.940000	0.826844
3.950000	0.843548
3.960000	0.859633
3.970000	0.875052
3.980000	0.889758
3.990000	0.903707
4.000000	0.916855
4.010000	0.929162
4.020000	0.940588
4.030000	0.951097
4.040000	0.960656
4.050000	0.969233
4.060000	0.976801
4.070000	0.983335
4.080000	0.988813
4.090000	0.993218
4.100000	0.996534
4.110000	0.998751
4.120000	0.999861
4.130000	0.999861
4.140000	0.998751
4.150000	0.996534
4.160000	0.993218
4.170000	0.988813
4.180000	0.983335
4.190000	0.976801
4.200000	0.969233
4.210000	0.960656
4.220000	0.951097
4.230000	0.940588
4.240000	0.929162
4.250000	0.916855
4.260000	0.903707
4.270000	0.889758
4.280000	0.875052
4.290000	0.859633
4.300000	0.843548
4.310000	0.826844
4.320000	0.809572
4.330000	0.791780
4.340000	0.773519
4.350000	0.754840
4.360000	0.735794
4.370000	0.716432
4.380000	0.696805
4.390000	0.676963
4.400000	0.656956
4.410000	0.636832
4.420000	0.616639
4.430000	0.596423
4.440000	0.576229
4.450000	0.556101
4.460000	0.536080
4.470000	0.516206
4.480000	0.496516
4.490000	0.477048
4.500000	0.457833
4.510000	0.438905
4.520000	0.420292
4.530000	0.402021
4.540000	0.384118
4.550000	0.366604
4.560000	0.349501
4.570000	0.332825
4.580000	0.316593
4.590000	0.300818
4.600000	0.285512
4.610000	0.270683
4.620000	0.256340
4.630000	0.242487
4.640000	0.229129
4.650000	0.216265
4.660000	0.203897
4.670000	0.192023
4.680000	0.180640
4.690000	0.169743
4.700000	0.159326
4.710000	0.149382
4.720000	0.139903
4.730000	0.130880
4.740000	0.122303
4.750000	0.114162
4.760000	0.106444
4.770000	0.099137
4.780000	0.092230
4.790000	0.085708
4.800000	0.079560
4.810000	0.073770
4.820000	0.068326
4.830000	0.063213
4.840000	0.058418
4.850000	0.053926
4.860000	0.049725
4.870000	0.045800
4.880000	0.042138
4.890000	0.038726
4.900000	0.035550
4.910000	0.032599
4.920000	0.029860
4.930000	0.027320
4.940000	0.024969
4.950000	0.022794
4.960000	0.020786
4.970000	0.018934
4.980000	0.017227
4.990000	0.015657
5.000000	0.014215
5.010000	0.012891
5.020000	0.011677
5.030000	0.010566
5.040000	0.009550
5.050000	0.008622
5.060000	0.007775
5.070000	0.007004
5.080000	0.006303
5.090000	0.005665
5.100000	0.005086
5.110000	0.004561
5.120000	0.004086
5.130000	0.003656
5.140000	0.003268
5.150000	0.002918
5.160000	0.002603
5.170000	0.002319
5.180000	0.002063
5.190000	0.001834
5.200000	0.001628
5.210000	0.001444
5.220000	0.001280
5.230000	0.001132
5.240000	0.001001
5.250000	0.000884
5.260000	0.000780
5.270000	0.000687
5.280000	0.000604
5.290000	0.000531
5.300000	0.000467
5.310000	0.000409
5.320000	0.000359
5.330000	0.000314
5.340000	0.000274
5.350000	0.000240
5.360000	0.000209
5.370000	0.000182
5.380000	0.000158
5.390000	0.000138
5.400000	0.000120
5.410000	0.000104
5.420000	0.000090
5.430000	0.000078
5.440000	0.000067
5.450000	0.000058
5.460000	0.000050
5.470000	0.000043
5.480000	0.000037
5.490000	0.000032
5.500000	0.000027
5.510000	0.000024
5.520000	0.000020
5.530000	0.000017
5.540000	0.000015
5.550000	0.000013
5.560000	0.000011
5.570000	0.000009
5.580000	0.000008
5.590000	0.000007
5.600000	0.000006
5.610000	0.000005
5.620000	0.000004
5.630000	0.000003
5.640000	0.000003
5.650000	0.000002
5.660000	0.000002
5.670000	0.000002
5.680000	0.000001
5.690000	0.000001
5.700000	0.000001
5.710000	0.000001
5.720000	0.000001
5.730000	0.000001
5.740000	0.000001
5.750000	0.000000
5.760000	0.000000
5.770000	0.000000
5.780000	0.000000
5.790000	0.000000
5.800000	0.000000
5.810000	0.000000
5.820000	0.000000
5.830000	0.000000
5.840000	0.000000
5.850000	0.000000
5.860000	0.000000
5.870000	0.000000
5.880000	0.000000
5.890000	0.000000
5.900000	0.000000
5.910000	0.000000
5.920000	0.000000
5.930000	0.000000
5.940000	0.000000
5.950000	0.000000
5.960000	0.000000
5.970000	0.000000
5.980000	0.000000
5.990000	0.000000
6.000000	0.000000
6.010000	0.000000
6.020000	0.000000
6.030000	0.000000
6.040000	0.000000
6.050000	0.000000
6.060000	0.000000
6.070000	0.000000
6.080000	0.000000
6.090000	0.000000
6.100000	0.000000
6.110000	0.000000
6.120000	0.000000
6.130000	0.000000
6.140000	0.000000
6.150000	0.000000
6.160000	0.000000
6.170000	0.000000
6.180000	0.000000
6.190000	0.000000
6.200000	0.000000
6.210000	0.000000
6.220000	0.000000
6.230000	0.000000
6.240000	0.000000
6.250000	0.000000
6.260000	0.000000
6.270000	0.000000
6.280000	0.000000
6.290000	0.000000
6.300000	0.000000
6.310000	0.000000
6.320000	0.000000
6.330000	0.000000
6.340000	0.000000
6.350000	0.000000
6.360000	0.000000
6.370000	0.000000
6.380000	0.000000
6.390000	0.000000
6.400000	0.000000
6.410000	0.000000
6.420000	0.000000
6.430000	0.000000
6.440000	0.000000
6.450000	0.000000
6.460000	0.000000
6.470000	0.000000
6.480000	0.000000
6.490000	0.000000
6.500000	0.000000
6.510000	0.000000
6.520000	0.000000
6.530000	0.000000
6.540000	0.000000
6.550000	0.000000
6.560000	0.000000
6.570000	0.000000
6.580000	0.000000
6.590000	0.000000
6.600000	0.000000
6.610000	0.000000
6.620000	0.000000
6.630000	0.000000
6.640000	0.000000
6.650000	0.000000
6.660000	0.000000
6.670000	0.000000
6.680000	0.000000
6.690000	0.000000
6.700000	0.000000
6.710000	0.000000
6.720000	0.000000
6.730000	0.000000
6.740000	0.000000
6.750000	0.000000
6.760000	0.000000
6.770000	0.000000
6.780000	0.000000
6.790000	0.000000
6.800000	0.000000
6.810000	0.000000
6.820000	0.000000
6.830000	0.000000
6.840000	0.000000
6.850000	0.000000
6.860000	0.000000
6.870000	0.000000
6.880000	0.000000
6.890000	0.000000
6.900000	0.000000
6.910000	0.000000
6.920000	0.000000
6.930000	0.000000
6.940000	0.000000
6.950000	0.000000
6.960000	0.000000
6.970000	0.000000
6.980000	0.000000
6.990000	0.000000
7.000000	0.000000
7.010000	0.000000
7.020000	0.000000
7.030000	0.000000
7.040000	0.000000
7.050000	0.000000
7.060000	0.000000
7.070000	0.000000
7.080000	0.000000
7.090000	0.000000
7.100000	0.000000
7.110000	0.000000
7.120000	0.000000
7.130000	0.000000
7.140000	0.000000
7.150000	0.000000
7.160000	0.000000
7.170000	0.000000
7.180000	0.000000
7.190000	0.000000
7.200000	0.000000
7.210000	0.000000
7.220000	0.000000
7.230000	0.000000
7.240000	0.000000
7.250000	0.000000
7.260000	0.000000
7.270000	0.000000
7.280000	0.000000
7.290000	0.000000
7.300000	0.000000
7.310000	0.000000
7.320000	0.000000
7.330000	0.000000
7.340000	0.000000
7.350000	0.000000
7.360000	0.000000
7.370000	0.000000
7.380000	0.000000
7.390000	0.000000
7.400000	0.000000
7.410000	0.000000
7.420000	0.000000
7.430000	0.000000
7.440000	0.000000
7.450000	0.000000
7.460000	0.000000
7.470000	0.000000
7.480000	0.000000
7.490000	0.000000
7.500000	0.000000
7.510000	0.000000
7.520000	0.000000
7.530000	0.000000
7.540000	0.000000
7.550000	0.000000
7.560000	0.000000
7.570000	0.000000
7.580000	0.000000
7.590000	0.000000
7.600000	0.000000
7.610000	0.000000
7.620000	0.000000
7.630000	0.000000
7.640000	0.000000
7.650000	0.000000
7.660000	0.000000
7.670000	0.000000
7.680000	0.000000
7.690000	0.000000
7.700000	0.000000
7.710000	0.000000
7.720000	0.000000
7.730000	0.000000
7.740000	0.000000
7.750000	0.000000
7.760000	0.000000
7.770000	0.000000
7.780000	0.000000
7.790000	0.000000
7.800000	0.000000
7.810000	0.000000
7.820000	0.000000
7.830000	0.000000
7.840000	0.000000
7.850000	0.000000
7.860000	0.000000
7.870000	0.000000
7.880000	0.000000
7.890000	0.000000
7.900000	0.000000
7.910000	0.000000
7.920000	0.000000
7.930000	0.000000
7.940000	0.000000
7.950000	0.000000
7.960000	0.000000
7.970000	0.000000
7.980000	0.000000
7.990000	0.000000
8.000000	0.000000
