1.000000	0.008697
1.010000	0.008792
1.020000	0.008888
1.030000	0.008985
1.040000	0.009082
1.050000	0.009181
1.060000	0.009280
1.070000	0.009380
1.080000	0.009480
1.090000	0.009582
1.100000	0.009684
1.110000	0.009787
1.120000	0.009891
1.130000	0.009995
1.140000	0.010100
1.150000	0.010207
1.160000	0.010314
1.170000	0.010421
1.180000	0.010530
1.190000	0.010639
1.200000	0.010749
1.210000	0.010860
1.220000	0.010972
1.230000	0.011085
1.240000	0.011198
1.250000	0.011312
1.260000	0.011427
1.270000	0.011543
1.280000	0.011660
1.290000	0.011777
1.300000	0.011895
1.310000	0.012014
1.320000	0.012134
1.330000	0.012255
1.340000	0.012376
1.350000	0.012499
1.360000	0.012622
1.370000	0.012746
1.380000	0.012871
1.390000	0.012996
1.400000	0.013123
1.410000	0.013250
1.420000	0.013378
1.430000	0.013507
1.440000	0.013637
1.450000	0.013767
1.460000	0.013898
1.470000	0.014031
1.480000	0.014164
1.490000	0.014297
1.500000	0.014432
1.510000	0.014568
1.520000	0.014704
1.530000	0.014841
1.540000	0.014979
1.550000	0.015117
1.560000	0.015257
1.570000	0.015397
1.580000	0.015538
1.590000	0.015680
1.600000	0.015823
1.610000	0.015967
1.620000	0.016111
1.630000	0.016256
1.640000	0.016402
1.650000	0.016549
1.660000	0.016697
1.670000	0.016845
1.680000	0.016994
1.690000	0.017144
1.700000	0.017295
1.710000	0.017446
1.720000	0.017599
1.730000	0.017752
1.740000	0.017906
1.750000	0.018060
1.760000	0.018216
1.770000	0.018372
1.780000	0.018529
1.790000	0.018687
1.800000	0.018845
1.810000	0.019004
1.820000	0.019164
1.830000	0.019325
1.840000	0.019486
1.850000	0.019649
1.860000	0.019812
1.870000	0.019975
1.880000	0.020140
1.890000	0.020305
1.900000	0.020471
1.910000	0.020637
1.920000	0.020805
1.930000	0.020973
1.940000	0.021141
1.950000	0.021311
1.960000	0.021481
1.970000	0.021652
1.980000	0.021823
1.990000	0.021995
2.000000	0.022168
2.010000	0.022342
2.020000	0.022516
2.030000	0.022691
2.040000	0.022867
2.050000	0.023043
2.060000	0.023220
2.070000	0.023398
2.080000	0.023577
2.090000	0.023758
2.100000	0.023939
2.110000	0.024123
2.120000	0.024308
2.130000	0.024497
2.140000	0.024689
2.150000	0.024887
2.160000	0.025092
2.170000	0.025307
2.180000	0.025534
2.190000	0.025780
2.200000	0.026049
2.210000	0.026350
2.220000	0.026692
2.230000	0.027091
2.240000	0.027561
2.250000	0.028126
2.260000	0.028813
2.270000	0.029654
2.280000	0.030693
2.290000	0.031979
2.300000	0.033573
2.310000	0.035550
2.320000	0.037993
2.330000	0.041005
2.340000	0.044701
2.350000	0.049212
2.360000	0.054687
2.370000	0.061289
2.380000	0.069198
2.390000	0.078604
2.400000	0.089711
2.410000	0.102726
2.420000	0.117859
2.430000	0.135315
2.440000	0.155286
2.450000	0.177945
2.460000	0.203434
2.470000	0.231859
2.480000	0.263273
2.490000	0.297676
2.500000	0.334996
2.510000	0.375088
2.520000	0.417726
2.530000	0.462600
2.540000	0.509310
2.550000	0.557375
2.560000	0.606232
2.570000	0.655247
2.580000	0.703726
2.590000	0.750932
2.600000	0.796100
2.610000	0.838456
2.620000	0.877244
2.630000	0.911745
2.640000	0.941296
2.650000	0.965319
2.660000	0.983332
2.670000	0.994972
2.680000	1.000000
2.690000	0.998317
2.700000	0.989962
2.710000	0.975112
2.720000	0.954078
2.730000	0.927290
2.740000	0.895288
2.750000	0.858698
2.760000	0.818218
2.770000	0.774592
2.780000	0.728586
2.790000	0.680973
2.800000	0.632504
2.810000	0.583894
2.820000	0.535806
2.830000	0.488835
2.840000	0.443499
2.850000	0.400232
2.860000	0.359386
2.870000	0.321222
2.880000	0.285922
2.890000	0.253586
2.900000	0.224247
2.910000	0.197873
2.920000	0.174380
2.930000	0.153641
2.940000	0.135496
2.950000	0.119760
2.960000	0.106232
2.970000	0.094704
2.980000	0.084966
2.990000	0.076814
3.000000	0.070049
3.010000	0.064489
3.020000	0.059961
3.030000	0.056311
3.040000	0.053400
3.050000	0.051105
3.060000	0.049319
3.070000	0.047950
3.080000	0.046919
3.090000	0.046160
3.100000	0.045618
3.110000	0.045248
3.120000	0.045011
3.130000	0.044880
3.140000	0.044829
3.150000	0.044839
3.160000	0.044895
3.170000	0.044986
3.180000	0.045104
3.190000	0.045240
3.200000	0.045390
3.210000	0.045549
3.220000	0.045716
3.230000	0.045887
3.240000	0.046062
3.250000	0.046239
3.260000	0.046417
3.270000	0.046595
3.280000	0.046774
3.290000	0.046952
3.300000	0.047131
3.310000	0.047308
3.320000	0.047486
3.330000	0.047662
3.340000	0.047838
3.350000	0.048013
3.360000	0.048187
3.370000	0.048360
3.380000	0.048533
3.390000	0.048704
3.400000	0.048875
3.410000	0.049045
3.420000	0.049214
3.430000	0.049382
3.440000	0.049549
3.450000	0.049715
3.460000	0.049880
3.470000	0.050044
3.480000	0.050207
3.490000	0.050369
3.500000	0.050529
3.510000	0.050689
3.520000	0.050848
3.530000	0.051006
3.540000	0.051162
3.550000	0.051318
3.560000	0.051472
3.570000	0.051626
3.580000	0.051778
3.590000	0.051929
3.600000	0.052079
3.610000	0.052227
3.620000	0.052375
3.630000	0.052521
3.640000	0.052666
3.650000	0.052809
3.660000	0.052952
3.670000	0.053093
3.680000	0.053233
3.690000	0.053372
3.700000	0.053509
3.710000	0.053645
3.720000	0.053780
3.730000	0.053914
3.740000	0.054046
3.750000	0.054177
3.760000	0.054306
3.770000	0.054434
3.780000	0.054561
3.790000	0.054686
3.800000	0.054810
3.810000	0.054932
3.820000	0.055053
3.830000	0.055173
3.840000	0.055291
3.850000	0.055408
3.860000	0.055523
3.870000	0.055637
3.880000	0.055749
3.890000	0.055859
3.900000	0.055969
3.910000	0.056076
3.920000	0.056182
3.930000	0.056287
3.940000	0.056390
3.950000	0.056492
3.960000	0.056592
3.970000	0.056690
3.980000	0.056787
3.990000	0.056882
4.000000	0.056976
4.010000	0.057068
4.020000	0.057158
4.030000	0.057247
4.040000	0.057334
4.050000	0.057419
4.060000	0.057503
4.070000	0.057585
4.080000	0.057666
4.090000	0.057744
4.100000	0.057822
4.110000	0.057897
4.120000	0.057971
4.130000	0.058043
4.140000	0.058113
4.150000	0.058182
4.160000	0.058249
4.170000	0.058314
4.180000	0.058377
4.190000	0.058439
4.200000	0.058499
4.210000	0.058557
4.220000	0.058614
4.230000	0.058668
4.240000	0.058721
4.250000	0.058772
4.260000	0.058822
4.270000	0.058870
4.280000	0.058915
4.290000	0.058959
4.300000	0.059002
4.310000	0.059042
4.320000	0.059081
4.330000	0.059118
4.340000	0.059153
4.350000	0.059186
4.360000	0.059217
4.370000	0.059247
4.380000	0.059275
4.390000	0.059301
4.400000	0.059325
4.410000	0.059347
4.420000	0.059368
4.430000	0.059387
4.440000	0.059403
4.450000	0.059418
4.460000	0.059432
4.470000	0.059443
4.480000	0.059452
4.490000	0.059460
4.500000	0.059466
4.510000	0.059470
4.520000	0.059472
4.530000	0.059472
4.540000	0.059471
4.550000	0.059468
4.560000	0.059462
4.570000	0.059455
4.580000	0.059447
4.590000	0.059436
4.600000	0.059423
4.610000	0.059409
4.620000	0.059393
4.630000	0.059375
4.640000	0.059355
4.650000	0.059333
4.660000	0.059310
4.670000	0.059284
4.680000	0.059257
4.690000	0.059228
4.700000	0.059197
4.710000	0.059165
4.720000	0.059130
4.730000	0.059094
4.740000	0.059056
4.750000	0.059016
4.760000	0.058975
4.770000	0.058931
4.780000	0.058886
4.790000	0.058839
4.800000	0.058790
4.810000	0.058740
4.820000	0.058687
4.830000	0.058633
4.840000	0.058578
4.850000	0.058520
4.860000	0.058461
4.870000	0.058400
4.880000	0.058337
4.890000	0.058272
4.900000	0.058206
4.910000	0.058138
4.920000	0.058068
4.930000	0.057997
4.940000	0.057924
4.950000	0.057849
4.960000	0.057772
4.970000	0.057694
4.980000	0.057614
4.990000	0.057533
5.000000	0.057449
5.010000	0.057364
5.020000	0.057278
5.030000	0.057190
5.040000	0.057100
5.050000	0.057009
5.060000	0.056916
5.070000	0.056821
5.080000	0.056725
5.090000	0.056627
5.100000	0.056528
5.110000	0.056427
5.120000	0.056324
5.130000	0.056220
5.140000	0.056114
5.150000	0.056007
5.160000	0.055899
5.170000	0.055788
5.180000	0.055677
5.190000	0.055564
5.200000	0.055449
5.210000	0.055333
5.220000	0.055215
5.230000	0.055096
5.240000	0.054976
5.250000	0.054854
5.260000	0.054730
5.270000	0.054606
5.280000	0.054480
5.290000	0.054352
5.300000	0.054223
5.310000	0.054093
5.320000	0.053961
5.330000	0.053828
5.340000	0.053694
5.350000	0.053558
5.360000	0.053421
5.370000	0.053283
5.380000	0.053143
5.390000	0.053003
5.400000	0.052861
5.410000	0.052717
5.420000	0.052573
5.430000	0.052427
5.440000	0.052280
5.450000	0.052132
5.460000	0.051982
5.470000	0.051832
5.480000	0.051680
5.490000	0.051527
5.500000	0.051373
5.510000	0.051218
5.520000	0.051062
5.530000	0.050905
5.540000	0.050746
5.550000	0.050587
5.560000	0.050426
5.570000	0.050265
5.580000	0.050102
5.590000	0.049938
5.600000	0.049774
5.610000	0.049608
5.620000	0.049441
5.630000	0.049274
5.640000	0.049105
5.650000	0.048936
5.660000	0.048766
5.670000	0.048594
5.680000	0.048422
5.690000	0.048249
5.700000	0.048075
5.710000	0.047900
5.720000	0.047725
5.730000	0.047548
5.740000	0.047371
5.750000	0.047193
5.760000	0.047014
5.770000	0.046834
5.780000	0.046654
5.790000	0.046473
5.800000	0.046291
5.810000	0.046109
5.820000	0.045925
5.830000	0.045741
5.840000	0.045557
5.850000	0.045372
5.860000	0.045186
5.870000	0.044999
5.880000	0.044812
5.890000	0.044624
5.900000	0.044436
5.910000	0.044247
5.920000	0.044057
5.930000	0.043867
5.940000	0.043677
5.950000	0.043486
5.960000	0.043294
5.970000	0.043102
5.980000	0.042910
5.990000	0.042717
6.000000	0.042523
6.010000	0.042329
6.020000	0.042135
6.030000	0.041940
6.040000	0.041745
6.050000	0.041550
6.060000	0.041354
6.070000	0.041158
6.080000	0.040961
6.090000	0.040764
6.100000	0.040567
6.110000	0.040370
6.120000	0.040172
6.130000	0.039974
6.140000	0.039776
6.150000	0.039577
6.160000	0.039379
6.170000	0.039180
6.180000	0.038981
6.190000	0.038781
6.200000	0.038582
6.210000	0.038382
6.220000	0.038182
6.230000	0.037982
6.240000	0.037782
6.250000	0.037582
6.260000	0.037382
6.270000	0.037182
6.280000	0.036981
6.290000	0.036781
6.300000	0.036580
6.310000	0.036380
6.320000	0.036179
6.330000	0.035979
6.340000	0.035778
6.350000	0.035578
6.360000	0.035377
6.370000	0.035177
6.380000	0.034976
6.390000	0.034776
6.400000	0.034576
6.410000	0.034375
6.420000	0.034175
6.430000	0.033975
6.440000	0.033776
6.450000	0.033576
6.460000	0.033376
6.470000	0.033177
6.480000	0.032978
6.490000	0.032779
6.500000	0.032580
6.510000	0.032381
6.520000	0.032183
6.530000	0.031985
6.540000	0.031787
6.550000	0.031589
6.560000	0.031392
6.570000	0.031194
6.580000	0.030998
6.590000	0.030801
6.600000	0.030605
6.610000	0.030409
6.620000	0.030213
6.630000	0.030018
6.640000	0.029823
6.650000	0.029628
6.660000	0.029434
6.670000	0.029240
6.680000	0.029046
6.690000	0.028853
6.700000	0.028660
6.710000	0.028468
6.720000	0.028276
6.730000	0.028085
6.740000	0.027894
6.750000	0.027703
6.760000	0.027513
6.770000	0.027323
6.780000	0.027134
6.790000	0.026945
6.800000	0.026757
6.810000	0.026569
6.820000	0.026382
6.830000	0.026195
6.840000	0.026009
6.850000	0.025823
6.860000	0.025638
6.870000	0.025453
6.880000	0.025269
6.890000	0.025086
6.900000	0.024903
6.910000	0.024720
6.920000	0.024538
6.930000	0.024357
6.940000	0.024176
6.950000	0.023996
6.960000	0.023817
6.970000	0.023638
6.980000	0.023460
6.990000	0.023282
7.000000	0.023105
7.010000	0.022929
7.020000	0.022753
7.030000	0.022578
7.040000	0.022404
7.050000	0.022230
7.060000	0.022057
7.070000	0.021885
7.080000	0.021713
7.090000	0.021542
7.100000	0.021372
7.110000	0.021202
7.120000	0.021033
7.130000	0.020865
7.140000	0.020697
7.150000	0.020530
7.160000	0.020364
7.170000	0.020199
7.180000	0.020034
7.190000	0.019870
7.200000	0.019707
7.210000	0.019544
7.220000	0.019383
7.230000	0.019222
7.240000	0.019061
7.250000	0.018902
7.260000	0.018743
7.270000	0.018585
7.280000	0.018428
7.290000	0.018271
7.300000	0.018116
7.310000	0.017961
7.320000	0.017807
7.330000	0.017653
7.340000	0.017501
7.350000	0.017349
7.360000	0.017198
7.370000	0.017048
7.380000	0.016898
7.390000	0.016750
7.400000	0.016602
7.410000	0.016455
7.420000	0.016308
7.430000	0.016163
7.440000	0.016018
7.450000	0.015874
7.460000	0.015731
7.470000	0.015589
7.480000	0.015448
7.490000	0.015307
7.500000	0.015167
7.510000	0.015028
7.520000	0.014890
7.530000	0.014753
7.540000	0.014616
7.550000	0.014480
7.560000	0.014345
7.570000	0.014211
7.580000	0.014078
7.590000	0.013946
7.600000	0.013814
7.610000	0.013683
7.620000	0.013553
7.630000	0.013424
7.640000	0.013296
7.650000	0.013168
7.660000	0.013041
7.670000	0.012915
7.680000	0.012790
7.690000	0.012666
7.700000	0.012543
7.710000	0.012420
7.720000	0.012298
7.730000	0.012177
7.740000	0.012057
7.750000	0.011938
7.760000	0.011819
7.770000	0.011701
7.780000	0.011584
7.790000	0.011468
7.800000	0.011353
7.810000	0.011239
7.820000	0.011125
7.830000	0.011012
7.840000	0.010900
7.850000	0.010789
7.860000	0.010678
7.870000	0.010569
7.880000	0.010460
7.890000	0.010352
7.900000	0.010245
7.910000	0.010138
7.920000	0.010033
7.930000	0.009928
7.940000	0.009824
7.950000	0.009720
7.960000	0.009618
7.970000	0.009516
7.980000	0.009415
7.990000	0.009315
8.000000	0.009216
