0.536840	0.000000
0.543610	0.000000
0.550380	0.000000
0.557150	0.000000
0.563920	0.000000
0.570690	0.000000
0.577460	0.000000
0.584230	0.000000
0.591000	0.000000
0.597780	0.000000
0.604550	0.000000
0.611320	0.000000
0.618090	0.000000
0.624860	0.000000
0.631630	0.000000
0.638400	0.000000
0.645170	0.000000
0.651940	0.000000
0.658710	0.000000
0.665480	0.000000
0.672250	0.000000
0.679020	0.000000
0.685790	0.000000
0.692560	0.000000
0.699330	0.000000
0.706100	0.000000
0.712880	0.000000
0.719650	0.000000
0.726420	0.000000
0.733190	0.000000
0.739960	0.000000
0.746730	0.000000
0.753500	0.000000
0.760270	0.000000
0.767040	0.000000
0.773810	0.000000
0.780580	0.000000
0.787350	0.000000
0.794120	0.000000
0.800890	0.000000
0.807660	0.000000
0.814430	0.000000
0.821210	0.000000
0.827980	0.000000
0.834750	0.000000
0.841520	0.000000
0.848290	0.000000
0.855060	0.000000
0.861830	0.000000
0.868600	0.000000
0.875370	0.000000
0.882140	0.000000
0.888910	0.000000
0.895680	0.000000
0.902450	0.000000
0.909220	0.000000
0.915990	0.000000
0.922760	0.000000
0.929530	0.000000
0.936310	0.000000
0.943080	0.000000
0.949850	0.000000
0.956620	0.000000
0.963390	0.000000
0.970160	0.000000
0.976930	0.000000
0.983700	0.000000
0.990470	0.000000
0.997240	0.000000
1.004010	0.000000
1.010780	0.000000
1.017550	0.000000
1.024320	0.000000
1.031090	0.000000
1.037860	0.000000
1.044630	0.000000
1.051410	0.000000
1.058180	0.000000
1.064950	0.000000
1.071720	0.000000
1.078490	0.000000
1.085260	0.000000
1.092030	0.000000
1.098800	0.000000
1.105570	0.000000
1.112340	0.000000
1.119110	0.000000
1.125880	0.000000
1.132650	0.000000
1.139420	0.000000
1.146190	0.000000
1.152960	0.000000
1.159730	0.000000
1.166510	0.000000
1.173280	0.000000
1.180050	0.000000
1.186820	0.000000
1.193590	0.000000
1.200360	0.000000
1.207130	0.000000
1.213900	0.000000
1.220670	0.000000
1.227440	0.000000
1.234210	0.000000
1.240980	0.000000
1.247750	0.000000
1.254520	0.000000
1.261290	0.000001
1.268060	0.000001
1.274830	0.000001
1.281610	0.000001
1.288380	0.000001
1.295150	0.000001
1.301920	0.000001
1.308690	0.000001
1.315460	0.000001
1.322230	0.000001
1.329000	0.000001
1.335770	0.000001
1.342540	0.000001
1.349310	0.000002
1.356080	0.000002
1.362850	0.000002
1.369620	0.000002
1.376390	0.000002
1.383160	0.000002
1.389940	0.000003
1.396710	0.000003
1.403480	0.000003
1.410250	0.000003
1.417020	0.000004
1.423790	0.000004
1.430560	0.000005
1.437330	0.000005
1.444100	0.000005
1.450870	0.000006
1.457640	0.000007
1.464410	0.000007
1.471180	0.000008
1.477950	0.000009
1.484720	0.000010
1.491490	0.000010
1.498260	0.000011
1.505040	0.000013
1.511810	0.000014
1.518580	0.000015
1.525350	0.000017
1.532120	0.000018
1.538890	0.000020
1.545660	0.000022
1.552430	0.000024
1.559200	0.000026
1.565970	0.000028
1.572740	0.000031
1.579510	0.000034
1.586280	0.000037
1.593050	0.000040
1.599820	0.000044
1.606590	0.000048
1.613360	0.000053
1.620140	0.000057
1.626910	0.000062
1.633680	0.000068
1.640450	0.000074
1.647220	0.000080
1.653990	0.000087
1.660760	0.000094
1.667530	0.000102
1.674300	0.000111
1.681070	0.000120
1.687840	0.000130
1.694610	0.000140
1.701380	0.000152
1.708150	0.000164
1.714920	0.000177
1.721690	0.000190
1.728460	0.000205
1.735240	0.000221
1.742010	0.000237
1.748780	0.000255
1.755550	0.000274
1.762320	0.000294
1.769090	0.000315
1.775860	0.000337
1.782630	0.000361
1.789400	0.000386
1.796170	0.000412
1.802940	0.000440
1.809710	0.000469
1.816480	0.000500
1.823250	0.000533
1.830020	0.000567
1.836790	0.000602
1.843570	0.000640
1.850340	0.000679
1.857110	0.000720
1.863880	0.000762
1.870650	0.000807
1.877420	0.000853
1.884190	0.000902
1.890960	0.000952
1.897730	0.001004
1.904500	0.001058
1.911270	0.001114
1.918040	0.001172
1.924810	0.001232
1.931580	0.001294
1.938350	0.001358
1.945120	0.001423
1.951890	0.001491
1.958670	0.001561
1.965440	0.001632
1.972210	0.001706
1.978980	0.001781
1.985750	0.001858
1.992520	0.001936
1.999290	0.002017
2.006060	0.002099
2.012830	0.002182
2.019600	0.002267
2.026370	0.002354
2.033140	0.002442
2.039910	0.002531
2.046680	0.002621
2.053450	0.002713
2.060220	0.002805
2.066990	0.002898
2.073770	0.002993
2.080540	0.003088
2.087310	0.003183
2.094080	0.003280
2.100850	0.003377
2.107620	0.003474
2.114390	0.003571
2.121160	0.003669
2.127930	0.003767
2.134700	0.003865
2.141470	0.003962
2.148240	0.004060
2.155010	0.004158
2.161780	0.004255
2.168550	0.004351
2.175320	0.004448
2.182090	0.004544
2.188870	0.004639
2.195640	0.004733
2.202410	0.004827
2.209180	0.004920
2.215950	0.005012
2.222720	0.005103
2.229490	0.005194
2.236260	0.005283
2.243030	0.005371
2.249800	0.005459
2.256570	0.005545
2.263340	0.005630
2.270110	0.005714
2.276880	0.005796
2.283650	0.005878
2.290420	0.005958
2.297200	0.006037
2.303970	0.006114
2.310740	0.006191
2.317510	0.006265
2.324280	0.006339
2.331050	0.006410
2.337820	0.006481
2.344590	0.006550
2.351360	0.006617
2.358130	0.006682
2.364900	0.006746
2.371670	0.006808
2.378440	0.006868
2.385210	0.006926
2.391980	0.006983
2.398750	0.007037
2.405520	0.007089
2.412300	0.007138
2.419070	0.007186
2.425840	0.007231
2.432610	0.007273
2.439380	0.007313
2.446150	0.007350
2.452920	0.007384
2.459690	0.007415
2.466460	0.007443
2.473230	0.007468
2.480000	0.007490
2.486770	0.007508
2.493540	0.007522
2.500310	0.007533
2.507080	0.007541
2.513850	0.007545
2.520620	0.007544
2.527400	0.007540
2.534170	0.007532
2.540940	0.007520
2.547710	0.007504
2.554480	0.007483
2.561250	0.007459
2.568020	0.007430
2.574790	0.007397
2.581560	0.007360
2.588330	0.007319
2.595100	0.007274
2.601870	0.007224
2.608640	0.007171
2.615410	0.007114
2.622180	0.007053
2.628950	0.006988
2.635720	0.006919
2.642500	0.006847
2.649270	0.006772
2.656040	0.006694
2.662810	0.006612
2.669580	0.006528
2.676350	0.006441
2.683120	0.006351
2.689890	0.006260
2.696660	0.006166
2.703430	0.006070
2.710200	0.005972
2.716970	0.005874
2.723740	0.005773
2.730510	0.005672
2.737280	0.005570
2.744050	0.005468
2.750820	0.005365
2.757600	0.005262
2.764370	0.005158
2.771140	0.005056
2.777910	0.004953
2.784680	0.004852
2.791450	0.004751
2.798220	0.004651
2.804990	0.004552
2.811760	0.004455
2.818530	0.004359
2.825300	0.004265
2.832070	0.004172
2.838840	0.004082
2.845610	0.003993
2.852380	0.003907
2.859150	0.003822
2.865930	0.003740
2.872700	0.003661
2.879470	0.003583
2.886240	0.003508
2.893010	0.003435
2.899780	0.003365
2.906550	0.003298
2.913320	0.003232
2.920090	0.003170
2.926860	0.003109
2.933630	0.003051
2.940400	0.002996
2.947170	0.002942
2.953940	0.002891
2.960710	0.002843
2.967480	0.002796
2.974250	0.002752
2.981030	0.002709
2.987800	0.002669
2.994570	0.002630
3.001340	0.002594
3.008110	0.002559
3.014880	0.002525
3.021650	0.002494
3.028420	0.002464
3.035190	0.002435
3.041960	0.002407
3.048730	0.002381
3.055500	0.002356
3.062270	0.002333
3.069040	0.002310
3.075810	0.002288
3.082580	0.002267
3.089350	0.002247
3.096130	0.002227
3.102900	0.002208
3.109670	0.002190
3.116440	0.002172
3.123210	0.002155
3.129980	0.002138
3.136750	0.002122
3.143520	0.002106
3.150290	0.002090
3.157060	0.002074
3.163830	0.002059
3.170600	0.002044
3.177370	0.002028
3.184140	0.002013
3.190910	0.001998
3.197680	0.001983
3.204450	0.001968
3.211230	0.001953
3.218000	0.001938
3.224770	0.001922
3.231540	0.001907
3.238310	0.001891
3.245080	0.001876
3.251850	0.001860
3.258620	0.001844
3.265390	0.001828
3.272160	0.001811
3.278930	0.001795
3.285700	0.001778
3.292470	0.001761
3.299240	0.001744
3.306010	0.001727
3.312780	0.001710
3.319560	0.001692
3.326330	0.001674
3.333100	0.001657
3.339870	0.001638
3.346640	0.001620
3.353410	0.001602
3.360180	0.001583
3.366950	0.001565
3.373720	0.001546
3.380490	0.001527
3.387260	0.001508
3.394030	0.001489
3.400800	0.001470
3.407570	0.001450
3.414340	0.001431
3.421110	0.001411
3.427880	0.001392
3.434660	0.001372
3.441430	0.001353
3.448200	0.001333
3.454970	0.001313
3.461740	0.001293
3.468510	0.001274
3.475280	0.001254
3.482050	0.001234
3.488820	0.001214
3.495590	0.001195
3.502360	0.001175
3.509130	0.001155
3.515900	0.001136
3.522670	0.001116
3.529440	0.001097
3.536210	0.001077
3.542980	0.001058
3.549760	0.001039
3.556530	0.001020
3.563300	0.001001
3.570070	0.000982
3.576840	0.000963
3.583610	0.000945
3.590380	0.000926
3.597150	0.000908
3.603920	0.000890
3.610690	0.000871
3.617460	0.000854
3.624230	0.000836
3.631000	0.000818
3.637770	0.000801
3.644540	0.000784
3.651310	0.000767
3.658080	0.000750
3.664860	0.000733
3.671630	0.000717
3.678400	0.000700
3.685170	0.000684
3.691940	0.000668
3.698710	0.000653
3.705480	0.000637
3.712250	0.000622
3.719020	0.000607
3.725790	0.000592
3.732560	0.000578
3.739330	0.000563
3.746100	0.000549
3.752870	0.000535
3.759640	0.000522
3.766410	0.000508
3.773190	0.000495
3.779960	0.000482
3.786730	0.000469
3.793500	0.000457
3.800270	0.000444
3.807040	0.000432
3.813810	0.000420
3.820580	0.000409
3.827350	0.000397
3.834120	0.000386
3.840890	0.000375
3.847660	0.000364
3.854430	0.000354
3.861200	0.000343
3.867970	0.000333
3.874740	0.000324
3.881510	0.000314
3.888290	0.000304
3.895060	0.000295
3.901830	0.000286
3.908600	0.000277
3.915370	0.000269
3.922140	0.000260
3.928910	0.000252
3.935680	0.000244
3.942450	0.000236
3.949220	0.000229
3.955990	0.000221
3.962760	0.000214
3.969530	0.000207
3.976300	0.000200
3.983070	0.000194
3.989840	0.000187
3.996610	0.000181
4.003390	0.000174
4.010160	0.000168
4.016930	0.000163
4.023700	0.000157
4.030470	0.000151
4.037240	0.000146
4.044010	0.000141
4.050780	0.000136
4.057550	0.000131
4.064320	0.000126
4.071090	0.000122
4.077860	0.000117
4.084630	0.000113
4.091400	0.000109
4.098170	0.000105
4.104940	0.000101
4.111710	0.000097
4.118490	0.000093
4.125260	0.000090
4.132030	0.000086
4.138800	0.000083
4.145570	0.000080
4.152340	0.000076
4.159110	0.000073
4.165880	0.000070
4.172650	0.000068
4.179420	0.000065
4.186190	0.000062
4.192960	0.000060
4.199730	0.000057
4.206500	0.000055
4.213270	0.000053
4.220040	0.000051
4.226810	0.000048
4.233590	0.000046
4.240360	0.000044
4.247130	0.000043
4.253900	0.000041
4.260670	0.000039
4.267440	0.000037
4.274210	0.000036
4.280980	0.000034
4.287750	0.000033
4.294520	0.000031
4.301290	0.000030
4.308060	0.000028
4.314830	0.000027
4.321600	0.000026
4.328370	0.000025
4.335140	0.000024
4.341920	0.000023
4.348690	0.000021
4.355460	0.000021
4.362230	0.000020
4.369000	0.000019
4.375770	0.000018
4.382540	0.000017
4.389310	0.000016
4.396080	0.000015
4.402850	0.000015
4.409620	0.000014
4.416390	0.000013
4.423160	0.000013
4.429930	0.000012
4.436700	0.000011
4.443470	0.000011
4.450240	0.000010
4.457020	0.000010
4.463790	0.000009
4.470560	0.000009
4.477330	0.000008
4.484100	0.000008
4.490870	0.000008
4.497640	0.000007
4.504410	0.000007
4.511180	0.000006
4.517950	0.000006
4.524720	0.000006
4.531490	0.000005
4.538260	0.000005
4.545030	0.000005
4.551800	0.000005
4.558570	0.000004
4.565340	0.000004
4.572120	0.000004
4.578890	0.000004
4.585660	0.000004
4.592430	0.000003
4.599200	0.000003
4.605970	0.000003
4.612740	0.000003
4.619510	0.000003
4.626280	0.000003
4.633050	0.000002
4.639820	0.000002
4.646590	0.000002
4.653360	0.000002
4.660130	0.000002
4.666900	0.000002
4.673670	0.000002
4.680440	0.000002
4.687220	0.000001
4.693990	0.000001
4.700760	0.000001
4.707530	0.000001
4.714300	0.000001
4.721070	0.000001
4.727840	0.000001
4.734610	0.000001
4.741380	0.000001
4.748150	0.000001
4.754920	0.000001
4.761690	0.000001
4.768460	0.000001
4.775230	0.000001
4.782000	0.000001
4.788770	0.000001
4.795550	0.000001
4.802320	0.000001
4.809090	0.000000
4.815860	0.000000
4.822630	0.000000
4.829400	0.000000
4.836170	0.000000
4.842940	0.000000
4.849710	0.000000
4.856480	0.000000
4.863250	0.000000
4.870020	0.000000
4.876790	0.000000
4.883560	0.000000
4.890330	0.000000
4.897100	0.000000
4.903870	0.000000
4.910650	0.000000
4.917420	0.000000
4.924190	0.000000
4.930960	0.000000
4.937730	0.000000
4.944500	0.000000
4.951270	0.000000
4.958040	0.000000
4.964810	0.000000
4.971580	0.000000
4.978350	0.000000
4.985120	0.000000
4.991890	0.000000
4.998660	0.000000
5.005430	0.000000
5.012200	0.000000
5.018970	0.000000
5.025750	0.000000
5.032520	0.000000
5.039290	0.000000
5.046060	0.000000
5.052830	0.000000
5.059600	0.000000
5.066370	0.000000
5.073140	0.000000
5.079910	0.000000
5.086680	0.000000
5.093450	0.000000
5.100220	0.000000
5.106990	0.000000
5.113760	0.000000
5.120530	0.000000
5.127300	0.000000
5.134070	0.000000
5.140850	0.000000
5.147620	0.000000
5.154390	0.000000
5.161160	0.000000
5.167930	0.000000
5.174700	0.000000
5.181470	0.000000
5.188240	0.000000
5.195010	0.000000
5.201780	0.000000
5.208550	0.000000
5.215320	0.000000
5.222090	0.000000
5.228860	0.000000
5.235630	0.000000
5.242400	0.000000
5.249180	0.000000
5.255950	0.000000
5.262720	0.000000
5.269490	0.000000
5.276260	0.000000
5.283030	0.000000
5.289800	0.000000
5.296570	0.000000
5.303340	0.000000
5.310110	0.000000
5.316880	0.000000
5.323650	0.000000
5.330420	0.000000
5.337190	0.000000
5.343960	0.000000
5.350730	0.000000
5.357500	0.000000
5.364280	0.000000
5.371050	0.000000
5.377820	0.000000
5.384590	0.000000
5.391360	0.000000
5.398130	0.000000
5.404900	0.000000
5.411670	0.000000
5.418440	0.000000
5.425210	0.000000
5.431980	0.000000
5.438750	0.000000
5.445520	0.000000
5.452290	0.000000
5.459060	0.000000
5.465830	0.000000
5.472600	0.000000
5.479380	0.000000
5.486150	0.000000
5.492920	0.000000
5.499690	0.000000
5.506460	0.000000
5.513230	0.000000
5.520000	0.000000
5.526770	0.000000
5.533540	0.000000
5.540310	0.000000
5.547080	0.000000
5.553850	0.000000
5.560620	0.000000
5.567390	0.000000
5.574160	0.000000
5.580930	0.000000
5.587700	0.000000
5.594480	0.000000
5.601250	0.000000
5.608020	0.000000
5.614790	0.000000
5.621560	0.000000
5.628330	0.000000
5.635100	0.000000
5.641870	0.000000
5.648640	0.000000
5.655410	0.000000
5.662180	0.000000
5.668950	0.000000
5.675720	0.000000
5.682490	0.000000
5.689260	0.000000
5.696030	0.000000
5.702800	0.000000
5.709580	0.000000
5.716350	0.000000
5.723120	0.000000
5.729890	0.000000
5.736660	0.000000
5.743430	0.000000
5.750200	0.000000
5.756970	0.000000
5.763740	0.000000
5.770510	0.000000
5.777280	0.000000
5.784050	0.000000
5.790820	0.000000
5.797590	0.000000
5.804360	0.000000
5.811130	0.000000
5.817910	0.000000
5.824680	0.000000
5.831450	0.000000
5.838220	0.000000
5.844990	0.000000
5.851760	0.000000
5.858530	0.000000
5.865300	0.000000
5.872070	0.000000
5.878840	0.000000
5.885610	0.000000
5.892380	0.000000
5.899150	0.000000
5.905920	0.000000
5.912690	0.000000
5.919460	0.000000
5.926230	0.000000
5.933010	0.000000
5.939780	0.000000
5.946550	0.000000
5.953320	0.000000
5.960090	0.000000
5.966860	0.000000
5.973630	0.000000
5.980400	0.000000
5.987170	0.000000
5.993940	0.000000
6.000710	0.000000
6.007480	0.000000
6.014250	0.000000
6.021020	0.000000
6.027790	0.000000
6.034560	0.000000
6.041330	0.000000
6.048110	0.000000
6.054880	0.000000
6.061650	0.000000
6.068420	0.000000
6.075190	0.000000
6.081960	0.000000
6.088730	0.000000
6.095500	0.000000
6.102270	0.000000
6.109040	0.000000
6.115810	0.000000
6.122580	0.000000
6.129350	0.000000
6.136120	0.000000
6.142890	0.000000
6.149660	0.000000
6.156430	0.000000
6.163210	0.000000
6.169980	0.000000
6.176750	0.000000
6.183520	0.000000
6.190290	0.000000
6.197060	0.000000
6.203830	0.000000
6.210600	0.000000
6.217370	0.000000
6.224140	0.000000
6.230910	0.000000
6.237680	0.000000
6.244450	0.000000
6.251220	0.000000
6.257990	0.000000
6.264760	0.000000
6.271540	0.000000
6.278310	0.000000
6.285080	0.000000
6.291850	0.000000
6.298620	0.000000
6.305390	0.000000
6.312160	0.000000
6.318930	0.000000
6.325700	0.000000
6.332470	0.000000
6.339240	0.000000
6.346010	0.000000
6.352780	0.000000
6.359550	0.000000
6.366320	0.000000
6.373090	0.000000
6.379860	0.000000
6.386640	0.000000
6.393410	0.000000
6.400180	0.000000
6.406950	0.000000
6.413720	0.000000
6.420490	0.000000
6.427260	0.000000
6.434030	0.000000
6.440800	0.000000
6.447570	0.000000
6.454340	0.000000
6.461110	0.000000
6.467880	0.000000
6.474650	0.000000
6.481420	0.000000
6.488190	0.000000
6.494960	0.000000
6.501740	0.000000
6.508510	0.000000
6.515280	0.000000
6.522050	0.000000
6.528820	0.000000
6.535590	0.000000
6.542360	0.000000
6.549130	0.000000
6.555900	0.000000
6.562670	0.000000
6.569440	0.000000
6.576210	0.000000
6.582980	0.000000
6.589750	0.000000
6.596520	0.000000
6.603290	0.000000
6.610060	0.000000
6.616840	0.000000
6.623610	0.000000
6.630380	0.000000
6.637150	0.000000
6.643920	0.000000
6.650690	0.000000
6.657460	0.000000
6.664230	0.000000
6.671000	0.000000
6.677770	0.000000
6.684540	0.000000
6.691310	0.000000
6.698080	0.000000
6.704850	0.000000
6.711620	0.000000
6.718390	0.000000
6.725170	0.000000
6.731940	0.000000
6.738710	0.000000
6.745480	0.000000
6.752250	0.000000
6.759020	0.000000
6.765790	0.000000
6.772560	0.000000
6.779330	0.000000
6.786100	0.000000
6.792870	0.000000
6.799640	0.000000
6.806410	0.000000
6.813180	0.000000
6.819950	0.000000
6.826720	0.000000
6.833490	0.000000
6.840270	0.000000
6.847040	0.000000
6.853810	0.000000
6.860580	0.000000
6.867350	0.000000
6.874120	0.000000
6.880890	0.000000
6.887660	0.000000
6.894430	0.000000
6.901200	0.000000
6.907970	0.000000
6.914740	0.000000
6.921510	0.000000
6.928280	0.000000
6.935050	0.000000
6.941820	0.000000
6.948590	0.000000
6.955370	0.000000
6.962140	0.000000
6.968910	0.000000
6.975680	0.000000
6.982450	0.000000
6.989220	0.000000
6.995990	0.000000
7.002760	0.000000
7.009530	0.000000
7.016300	0.000000
7.023070	0.000000
7.029840	0.000000
7.036610	0.000000
7.043380	0.000000
7.050150	0.000000
7.056920	0.000000
7.063690	0.000000
7.070470	0.000000
7.077240	0.000000
7.084010	0.000000
7.090780	0.000000
7.097550	0.000000
7.104320	0.000000
7.111090	0.000000
7.117860	0.000000
7.124630	0.000000
7.131400	0.000000
7.138170	0.000000
7.144940	0.000000
7.151710	0.000000
7.158480	0.000000
7.165250	0.000000
7.172020	0.000000
7.178790	0.000000
7.185570	0.000000
7.192340	0.000000
7.199110	0.000000
7.205880	0.000000
7.212650	0.000000
7.219420	0.000000
7.226190	0.000000
7.232960	0.000000
7.239730	0.000000
7.246500	0.000000
7.253270	0.000000
7.260040	0.000000
7.266810	0.000000
7.273580	0.000000
7.280350	0.000000
7.287120	0.000000
7.293900	0.000000
7.300670	0.000000
7.307440	0.000000
7.314210	0.000000
7.320980	0.000000
7.327750	0.000000
7.334520	0.000000
7.341290	0.000000
7.348060	0.000000
7.354830	0.000000
7.361600	0.000000
7.368370	0.000000
7.375140	0.000000
7.381910	0.000000
7.388680	0.000000
7.395450	0.000000
7.402220	0.000000
7.409000	0.000000
7.415770	0.000000
7.422540	0.000000
7.429310	0.000000
7.436080	0.000000
7.442850	0.000000
7.449620	0.000000
7.456390	0.000000
7.463160	0.000000
