1.000000	0.000856
1.010000	0.000943
1.020000	0.001037
1.030000	0.001140
1.040000	0.001253
1.050000	0.001375
1.060000	0.001509
1.070000	0.001655
1.080000	0.001813
1.090000	0.001985
1.100000	0.002173
1.110000	0.002376
1.120000	0.002597
1.130000	0.002836
1.140000	0.003096
1.150000	0.003377
1.160000	0.003680
1.170000	0.004009
1.180000	0.004364
1.190000	0.004748
1.200000	0.005162
1.210000	0.005608
1.220000	0.006088
1.230000	0.006606
1.240000	0.007163
1.250000	0.007761
1.260000	0.008404
1.270000	0.009095
1.280000	0.009835
1.290000	0.010629
1.300000	0.011480
1.310000	0.012390
1.320000	0.013364
1.330000	0.014405
1.340000	0.015516
1.350000	0.016702
1.360000	0.017968
1.370000	0.019316
1.380000	0.020752
1.390000	0.022280
1.400000	0.023904
1.410000	0.025631
1.420000	0.027463
1.430000	0.029408
1.440000	0.031469
1.450000	0.033653
1.460000	0.035965
1.470000	0.038410
1.480000	0.040994
1.490000	0.043723
1.500000	0.046604
1.510000	0.049641
1.520000	0.052842
1.530000	0.056211
1.540000	0.059757
1.550000	0.063484
1.560000	0.067399
1.570000	0.071509
1.580000	0.075819
1.590000	0.080336
1.600000	0.085066
1.610000	0.090016
1.620000	0.095191
1.630000	0.100596
1.640000	0.106239
1.650000	0.112125
1.660000	0.118259
1.670000	0.124646
1.680000	0.131292
1.690000	0.138201
1.700000	0.145378
1.710000	0.152826
1.720000	0.160551
1.730000	0.168555
1.740000	0.176842
1.750000	0.185415
1.760000	0.194274
1.770000	0.203423
1.780000	0.212863
1.790000	0.222595
1.800000	0.232618
1.810000	0.242932
1.820000	0.253537
1.830000	0.264431
1.840000	0.275612
1.850000	0.287076
1.860000	0.298821
1.870000	0.310841
1.880000	0.323132
1.890000	0.335689
1.900000	0.348504
1.910000	0.361570
1.920000	0.374880
1.930000	0.388424
1.940000	0.402193
1.950000	0.416176
1.960000	0.430363
1.970000	0.444740
1.980000	0.459297
1.990000	0.474018
2.000000	0.488889
2.010000	0.503896
2.020000	0.519023
2.030000	0.534253
2.040000	0.549569
2.050000	0.564953
2.060000	0.580386
2.070000	0.595850
2.080000	0.611326
2.090000	0.626791
2.100000	0.642227
2.110000	0.657613
2.120000	0.672925
2.130000	0.688143
2.140000	0.703245
2.150000	0.718209
2.160000	0.733010
2.170000	0.747628
2.180000	0.762039
2.190000	0.776221
2.200000	0.790151
2.210000	0.803805
2.220000	0.817163
2.230000	0.830201
2.240000	0.842898
2.250000	0.855233
2.260000	0.867183
2.270000	0.878730
2.280000	0.889852
2.290000	0.900531
2.300000	0.910747
2.310000	0.920483
2.320000	0.929722
2.330000	0.938447
2.340000	0.946643
2.350000	0.954296
2.360000	0.961392
2.370000	0.967918
2.380000	0.973865
2.390000	0.979221
2.400000	0.983978
2.410000	0.988127
2.420000	0.991663
2.430000	0.994580
2.440000	0.996874
2.450000	0.998543
2.460000	0.999585
2.470000	1.000000
2.480000	0.999789
2.490000	0.998955
2.500000	0.997502
2.510000	0.995435
2.520000	0.992760
2.530000	0.989485
2.540000	0.985619
2.550000	0.981172
2.560000	0.976156
2.570000	0.970582
2.580000	0.964465
2.590000	0.957820
2.600000	0.950661
2.610000	0.943005
2.620000	0.934871
2.630000	0.926276
2.640000	0.917240
2.650000	0.907783
2.660000	0.897925
2.670000	0.887689
2.680000	0.877095
2.690000	0.866166
2.700000	0.854925
2.710000	0.843395
2.720000	0.831600
2.730000	0.819564
2.740000	0.807310
2.750000	0.794863
2.760000	0.782246
2.770000	0.769483
2.780000	0.756600
2.790000	0.743618
2.800000	0.730562
2.810000	0.717455
2.820000	0.704320
2.830000	0.691180
2.840000	0.678056
2.850000	0.664971
2.860000	0.651945
2.870000	0.638998
2.880000	0.626151
2.890000	0.613422
2.900000	0.600831
2.910000	0.588394
2.920000	0.576128
2.930000	0.564050
2.940000	0.552175
2.950000	0.540517
2.960000	0.529089
2.970000	0.517905
2.980000	0.506975
2.990000	0.496311
3.000000	0.485922
3.010000	0.475817
3.020000	0.466005
3.030000	0.456491
3.040000	0.447283
3.050000	0.438386
3.060000	0.429803
3.070000	0.421538
3.080000	0.413594
3.090000	0.405973
3.100000	0.398674
3.110000	0.391699
3.120000	0.385046
3.130000	0.378713
3.140000	0.372699
3.150000	0.367001
3.160000	0.361614
3.170000	0.356534
3.180000	0.351757
3.190000	0.347276
3.200000	0.343085
3.210000	0.339178
3.220000	0.335547
3.230000	0.332185
3.240000	0.329083
3.250000	0.326234
3.260000	0.323627
3.270000	0.321254
3.280000	0.319106
3.290000	0.317172
3.300000	0.315442
3.310000	0.313907
3.320000	0.312556
3.330000	0.311378
3.340000	0.310362
3.350000	0.309499
3.360000	0.308777
3.370000	0.308185
3.380000	0.307713
3.390000	0.307351
3.400000	0.307086
3.410000	0.306910
3.420000	0.306811
3.430000	0.306780
3.440000	0.306805
3.450000	0.306878
3.460000	0.306988
3.470000	0.307125
3.480000	0.307282
3.490000	0.307448
3.500000	0.307614
3.510000	0.307773
3.520000	0.307916
3.530000	0.308035
3.540000	0.308123
3.550000	0.308172
3.560000	0.308176
3.570000	0.308127
3.580000	0.308020
3.590000	0.307849
3.600000	0.307608
3.610000	0.307292
3.620000	0.306896
3.630000	0.306416
3.640000	0.305848
3.650000	0.305188
3.660000	0.304433
3.670000	0.303579
3.680000	0.302624
3.690000	0.301567
3.700000	0.300404
3.710000	0.299134
3.720000	0.297756
3.730000	0.296270
3.740000	0.294674
3.750000	0.292968
3.760000	0.291153
3.770000	0.289229
3.780000	0.287195
3.790000	0.285054
3.800000	0.282806
3.810000	0.280453
3.820000	0.277997
3.830000	0.275439
3.840000	0.272782
3.850000	0.270027
3.860000	0.267178
3.870000	0.264238
3.880000	0.261209
3.890000	0.258094
3.900000	0.254896
3.910000	0.251620
3.920000	0.248269
3.930000	0.244846
3.940000	0.241354
3.950000	0.237799
3.960000	0.234184
3.970000	0.230513
3.980000	0.226789
3.990000	0.223018
4.000000	0.219203
4.010000	0.215348
4.020000	0.211458
4.030000	0.207537
4.040000	0.203589
4.050000	0.199619
4.060000	0.195629
4.070000	0.191626
4.080000	0.187611
4.090000	0.183591
4.100000	0.179568
4.110000	0.175546
4.120000	0.171530
4.130000	0.167523
4.140000	0.163528
4.150000	0.159550
4.160000	0.155591
4.170000	0.151655
4.180000	0.147746
4.190000	0.143866
4.200000	0.140018
4.210000	0.136205
4.220000	0.132430
4.230000	0.128696
4.240000	0.125005
4.250000	0.121360
4.260000	0.117762
4.270000	0.114213
4.280000	0.110717
4.290000	0.107274
4.300000	0.103887
4.310000	0.100556
4.320000	0.097284
4.330000	0.094071
4.340000	0.090919
4.350000	0.087828
4.360000	0.084801
4.370000	0.081837
4.380000	0.078937
4.390000	0.076102
4.400000	0.073332
4.410000	0.070628
4.420000	0.067989
4.430000	0.065416
4.440000	0.062910
4.450000	0.060469
4.460000	0.058094
4.470000	0.055784
4.480000	0.053540
4.490000	0.051360
4.500000	0.049244
4.510000	0.047192
4.520000	0.045202
4.530000	0.043275
4.540000	0.041410
4.550000	0.039605
4.560000	0.037860
4.570000	0.036174
4.580000	0.034545
4.590000	0.032973
4.600000	0.031458
4.610000	0.029997
4.620000	0.028589
4.630000	0.027234
4.640000	0.025930
4.650000	0.024676
4.660000	0.023471
4.670000	0.022314
4.680000	0.021204
4.690000	0.020138
4.700000	0.019117
4.710000	0.018138
4.720000	0.017201
4.730000	0.016304
4.740000	0.015446
4.750000	0.014626
4.760000	0.013842
4.770000	0.013094
4.780000	0.012380
4.790000	0.011700
4.800000	0.011051
4.810000	0.010433
4.820000	0.009845
4.830000	0.009285
4.840000	0.008752
4.850000	0.008246
4.860000	0.007766
4.870000	0.007309
4.880000	0.006877
4.890000	0.006466
4.900000	0.006077
4.910000	0.005709
4.920000	0.005360
4.930000	0.005030
4.940000	0.004718
4.950000	0.004423
4.960000	0.004144
4.970000	0.003881
4.980000	0.003633
4.990000	0.003399
5.000000	0.003179
5.010000	0.002971
5.020000	0.002776
5.030000	0.002592
5.040000	0.002419
5.050000	0.002257
5.060000	0.002104
5.070000	0.001961
5.080000	0.001826
5.090000	0.001700
5.100000	0.001582
5.110000	0.001471
5.120000	0.001368
5.130000	0.001271
5.140000	0.001180
5.150000	0.001095
5.160000	0.001016
5.170000	0.000942
5.180000	0.000873
5.190000	0.000809
5.200000	0.000749
5.210000	0.000693
5.220000	0.000641
5.230000	0.000593
5.240000	0.000548
5.250000	0.000506
5.260000	0.000467
5.270000	0.000431
5.280000	0.000397
5.290000	0.000366
5.300000	0.000337
5.310000	0.000311
5.320000	0.000286
5.330000	0.000263
5.340000	0.000242
5.350000	0.000222
5.360000	0.000204
5.370000	0.000187
5.380000	0.000172
5.390000	0.000158
5.400000	0.000144
5.410000	0.000132
5.420000	0.000121
5.430000	0.000111
5.440000	0.000101
5.450000	0.000093
5.460000	0.000085
5.470000	0.000077
5.480000	0.000071
5.490000	0.000065
5.500000	0.000059
5.510000	0.000054
5.520000	0.000049
5.530000	0.000045
5.540000	0.000041
5.550000	0.000037
5.560000	0.000034
5.570000	0.000030
5.580000	0.000028
5.590000	0.000025
5.600000	0.000023
5.610000	0.000021
5.620000	0.000019
5.630000	0.000017
5.640000	0.000015
5.650000	0.000014
5.660000	0.000013
5.670000	0.000011
5.680000	0.000010
5.690000	0.000009
5.700000	0.000008
5.710000	0.000008
5.720000	0.000007
5.730000	0.000006
5.740000	0.000006
5.750000	0.000005
5.760000	0.000005
5.770000	0.000004
5.780000	0.000004
5.790000	0.000003
5.800000	0.000003
5.810000	0.000003
5.820000	0.000002
5.830000	0.000002
5.840000	0.000002
5.850000	0.000002
5.860000	0.000002
5.870000	0.000001
5.880000	0.000001
5.890000	0.000001
5.900000	0.000001
5.910000	0.000001
5.920000	0.000001
5.930000	0.000001
5.940000	0.000001
5.950000	0.000001
5.960000	0.000000
5.970000	0.000000
5.980000	0.000000
5.990000	0.000000
6.000000	0.000000
6.010000	0.000000
6.020000	0.000000
6.030000	0.000000
6.040000	0.000000
6.050000	0.000000
6.060000	0.000000
6.070000	0.000000
6.080000	0.000000
6.090000	0.000000
6.100000	0.000000
6.110000	0.000000
6.120000	0.000000
6.130000	0.000000
6.140000	0.000000
6.150000	0.000000
6.160000	0.000000
6.170000	0.000000
6.180000	0.000000
6.190000	0.000000
6.200000	0.000000
6.210000	0.000000
6.220000	0.000000
6.230000	0.000000
6.240000	0.000000
6.250000	0.000000
6.260000	0.000000
6.270000	0.000000
6.280000	0.000000
6.290000	0.000000
6.300000	0.000000
6.310000	0.000000
6.320000	0.000000
6.330000	0.000000
6.340000	0.000000
6.350000	0.000000
6.360000	0.000000
6.370000	0.000000
6.380000	0.000000
6.390000	0.000000
6.400000	0.000000
6.410000	0.000000
6.420000	0.000000
6.430000	0.000000
6.440000	0.000000
6.450000	0.000000
6.460000	0.000000
6.470000	0.000000
6.480000	0.000000
6.490000	0.000000
6.500000	0.000000
6.510000	0.000000
6.520000	0.000000
6.530000	0.000000
6.540000	0.000000
6.550000	0.000000
6.560000	0.000000
6.570000	0.000000
6.580000	0.000000
6.590000	0.000000
6.600000	0.000000
6.610000	0.000000
6.620000	0.000000
6.630000	0.000000
6.640000	0.000000
6.650000	0.000000
6.660000	0.000000
6.670000	0.000000
6.680000	0.000000
6.690000	0.000000
6.700000	0.000000
6.710000	0.000000
6.720000	0.000000
6.730000	0.000000
6.740000	0.000000
6.750000	0.000000
6.760000	0.000000
6.770000	0.000000
6.780000	0.000000
6.790000	0.000000
6.800000	0.000000
6.810000	0.000000
6.820000	0.000000
6.830000	0.000000
6.840000	0.000000
6.850000	0.000000
6.860000	0.000000
6.870000	0.000000
6.880000	0.000000
6.890000	0.000000
6.900000	0.000000
6.910000	0.000000
6.920000	0.000000
6.930000	0.000000
6.940000	0.000000
6.950000	0.000000
6.960000	0.000000
6.970000	0.000000
6.980000	0.000000
6.990000	0.000000
7.000000	0.000000
7.010000	0.000000
7.020000	0.000000
7.030000	0.000000
7.040000	0.000000
7.050000	0.000000
7.060000	0.000000
7.070000	0.000000
7.080000	0.000000
7.090000	0.000000
7.100000	0.000000
7.110000	0.000000
7.120000	0.000000
7.130000	0.000000
7.140000	0.000000
7.150000	0.000000
7.160000	0.000000
7.170000	0.000000
7.180000	0.000000
7.190000	0.000000
7.200000	0.000000
7.210000	0.000000
7.220000	0.000000
7.230000	0.000000
7.240000	0.000000
7.250000	0.000000
7.260000	0.000000
7.270000	0.000000
7.280000	0.000000
7.290000	0.000000
7.300000	0.000000
7.310000	0.000000
7.320000	0.000000
7.330000	0.000000
7.340000	0.000000
7.350000	0.000000
7.360000	0.000000
7.370000	0.000000
7.380000	0.000000
7.390000	0.000000
7.400000	0.000000
7.410000	0.000000
7.420000	0.000000
7.430000	0.000000
7.440000	0.000000
7.450000	0.000000
7.460000	0.000000
7.470000	0.000000
7.480000	0.000000
7.490000	0.000000
7.500000	0.000000
7.510000	0.000000
7.520000	0.000000
7.530000	0.000000
7.540000	0.000000
7.550000	0.000000
7.560000	0.000000
7.570000	0.000000
7.580000	0.000000
7.590000	0.000000
7.600000	0.000000
7.610000	0.000000
7.620000	0.000000
7.630000	0.000000
7.640000	0.000000
7.650000	0.000000
7.660000	0.000000
7.670000	0.000000
7.680000	0.000000
7.690000	0.000000
7.700000	0.000000
7.710000	0.000000
7.720000	0.000000
7.730000	0.000000
7.740000	0.000000
7.750000	0.000000
7.760000	0.000000
7.770000	0.000000
7.780000	0.000000
7.790000	0.000000
7.800000	0.000000
7.810000	0.000000
7.820000	0.000000
7.830000	0.000000
7.840000	0.000000
7.850000	0.000000
7.860000	0.000000
7.870000	0.000000
7.880000	0.000000
7.890000	0.000000
7.900000	0.000000
7.910000	0.000000
7.920000	0.000000
7.930000	0.000000
7.940000	0.000000
7.950000	0.000000
7.960000	0.000000
7.970000	0.000000
7.980000	0.000000
7.990000	0.000000
8.000000	0.000000
